0.931453 0.540587 0.129501 0.036655 0.062358 0.072123 0.121589 0.973098 0.962010 0.937197 0.358354 0.783587 0.056856 0.059509 0.047584 0.094704 0.947129 0.776316 0.970814 0.179443 0.761620 0.860136 0.794511 0.825701 0.455527 0.192310 0.122256 0.172527 0.945345 0.194977 0.964929 0.526246 0.888238 0.015607 0.069743 0.104540 0.930975 0.122795 0.506669 0.372341 0.105334 0.898888 0.948234 0.108820 0.867366 0.974025 0.684190 0.124279 0.954723 0.954463 0.950283 0.062967 0.895007 0.852176 0.905150 0.091607 0.214932 0.783548 0.942612 0.061921 0.863219 0.955722 0.810287 0.908497
0.939481 0.469209 0.107065 0.026137 0.071173 0.080010 0.144821 0.912560 0.928236 0.951741 0.372335 0.869736 0.086350 0.050721 0.053069 0.096070 0.954435 0.591676 0.959143 0.206513 0.851229 0.810345 0.763334 0.862064 0.217283 0.168209 0.106892 0.278622 0.982390 0.181325 0.959786 0.385531 0.916661 0.034726 0.047596 0.103363 0.942067 0.096611 0.553577 0.466808 0.101959 0.951366 0.959825 0.239619 0.926014 0.965636 0.808982 0.111581 0.976107 0.953579 0.959513 0.087386 0.876854 0.902878 0.889385 0.064580 0.197691 0.874432 0.939553 0.051549 0.860894 0.892243 0.792074 0.946514
0.953944 0.592034 0.225481 0.018180 0.083691 0.048439 0.167961 0.973989 0.960083 0.963772 0.534722 0.729877 0.027366 0.028139 0.040496 0.080386 0.972118 0.669369 0.970448 0.243927 0.759479 0.893024 0.750812 0.836019 0.245111 0.181215 0.132022 0.211202 0.977509 0.215672 0.960942 0.549898 0.882376 0.026185 0.045332 0.086540 0.946395 0.208635 0.589078 0.609275 0.055162 0.935302 0.962652 0.174864 0.904296 0.977447 0.780081 0.115948 0.968763 0.957002 0.946916 0.032793 0.939586 0.919674 0.931418 0.043743 0.246340 0.925080 0.936853 0.050419 0.840714 0.945523 0.854249 0.917332
0.961558 0.685390 0.199295 0.023883 0.051680 0.094330 0.067993 0.956600 0.952416 0.898334 0.242309 0.652889 0.044204 0.020708 0.062485 0.091714 0.941380 0.719960 0.942036 0.225013 0.767519 0.753809 0.884670 0.903881 0.189947 0.154634 0.116641 0.228414 0.971683 0.183749 0.959738 0.851069 0.864684 0.030052 0.090484 0.149877 0.913906 0.114863 0.606059 0.735613 0.042745 0.886667 0.916705 0.250651 0.927106 0.981163 0.765412 0.153087 0.974852 0.934357 0.976095 0.097961 0.941009 0.863526 0.933447 0.045859 0.145884 0.938404 0.952681 0.050850 0.893098 0.913800 0.851577 0.854986
0.951996 0.292046 0.410856 0.013547 0.037280 0.080502 0.164849 0.912170 0.962181 0.900387 0.711116 0.892981 0.033662 0.015876 0.059978 0.087603 0.952794 0.694514 0.984619 0.300770 0.842459 0.838388 0.941815 0.848249 0.178256 0.214330 0.099465 0.195493 0.966704 0.186228 0.968610 0.705459 0.918236 0.007237 0.039744 0.164290 0.942436 0.082317 0.643518 0.349486 0.044670 0.959493 0.940235 0.217047 0.935832 0.970216 0.737132 0.057760 0.971482 0.962960 0.939648 0.026471 0.896553 0.858463 0.940610 0.070472 0.107926 0.911335 0.905314 0.065944 0.818100 0.927976 0.786507 0.886099
0.959084 0.289771 0.177620 0.010074 0.049019 0.090385 0.207300 0.965563 0.963373 0.939046 0.344874 0.744890 0.036298 0.020254 0.041909 0.059328 0.979505 0.699443 0.987663 0.244386 0.826772 0.870154 0.879394 0.822040 0.194128 0.248401 0.079798 0.135497 0.977581 0.145256 0.958734 0.536187 0.933678 0.010574 0.051059 0.102992 0.949800 0.144613 0.706803 0.658504 0.060276 0.986483 0.945823 0.166550 0.956203 0.986856 0.799868 0.081624 0.980513 0.972975 0.978205 0.040894 0.927187 0.871079 0.920888 0.042112 0.153245 0.904426 0.975044 0.037725 0.843918 0.929624 0.781871 0.953314
0.957680 0.524228 0.136359 0.024588 0.047538 0.079211 0.166603 0.949476 0.954103 0.950834 0.469487 0.720361 0.067632 0.031515 0.062626 0.122907 0.970670 0.403026 0.984344 0.255489 0.727738 0.874753 0.846808 0.860132 0.174241 0.239147 0.096719 0.235892 0.964014 0.201534 0.961164 0.582024 0.910522 0.015411 0.056673 0.117807 0.954517 0.142629 0.515009 0.689112 0.067573 0.976463 0.946170 0.099835 0.877703 0.974909 0.774625 0.082435 0.977995 0.961467 0.950403 0.044193 0.892563 0.858857 0.893097 0.075420 0.174977 0.898538 0.931052 0.077678 0.835404 0.887175 0.795372 0.952345
0.746104 0.066072 0.760168 0.031005 0.027266 0.043947 0.057032 0.550053 0.952833 0.869349 0.393031 0.929239 0.041849 0.015249 0.092164 0.091505 0.975448 0.906904 0.945478 0.923652 0.906377 0.118407 0.942729 0.032314 0.161655 0.905284 0.075513 0.885531 0.921125 0.958783 0.249649 0.114871 0.141419 0.061336 0.043591 0.784394 0.987451 0.944699 0.045379 0.904868 0.348362 0.865235 0.639208 0.968206 0.929692 0.977898 0.062016 0.792821 0.963364 0.909187 0.952396 0.035582 0.191109 0.760299 0.755915 0.039837 0.808284 0.094009 0.018527 0.186896 0.689862 0.952623 0.947363 0.647877
0.961070 0.365020 0.274461 0.009473 0.055911 0.077593 0.180432 0.947305 0.937239 0.939070 0.795708 0.688650 0.044157 0.023230 0.086452 0.077093 0.977333 0.636574 0.991500 0.200066 0.783967 0.818395 0.854306 0.902048 0.170423 0.185818 0.089869 0.203601 0.974950 0.155977 0.977748 0.600336 0.907822 0.014722 0.047225 0.160906 0.917835 0.140390 0.577078 0.494096 0.064774 0.960142 0.939247 0.259710 0.886133 0.952278 0.771726 0.124439 0.977165 0.948017 0.972059 0.031879 0.942474 0.916449 0.916354 0.106799 0.134909 0.857074 0.951993 0.076924 0.828181 0.939914 0.867878 0.887189
0.085936 0.767125 0.081677 0.823044 0.032381 0.050804 0.046896 0.123920 0.960460 0.908358 0.192749 0.963243 0.048039 0.787901 0.035389 0.954551 0.946411 0.978028 0.418654 0.936835 0.857916 0.903318 0.899549 0.019740 0.085092 0.304850 0.848391 0.941865 0.187397 0.695317 0.070379 0.692324 0.054134 0.817183 0.043078 0.856551 0.952642 0.953592 0.077848 0.853592 0.786884 0.082793 0.107899 0.987024 0.127647 0.900145 0.062720 0.784179 0.877555 0.152685 0.124517 0.850151 0.078245 0.892451 0.078342 0.772298 0.930071 0.078642 0.016661 0.616670 0.867234 0.934802 0.883501 0.023749
0.112773 0.758502 0.090893 0.753653 0.030613 0.043846 0.045196 0.131639 0.965053 0.894779 0.225454 0.934945 0.056541 0.727158 0.033081 0.931135 0.949103 0.973589 0.416206 0.939086 0.893579 0.919338 0.915959 0.025757 0.080623 0.285182 0.853064 0.932964 0.220677 0.754058 0.089866 0.692200 0.079114 0.798737 0.053222 0.861404 0.951060 0.948957 0.091665 0.845899 0.786816 0.109155 0.134561 0.986661 0.143107 0.908118 0.059519 0.768186 0.924134 0.182351 0.106468 0.813171 0.104516 0.841137 0.095638 0.626030 0.909435 0.074789 0.025287 0.569060 0.866838 0.957985 0.880985 0.025803
0.116470 0.772072 0.083190 0.836562 0.039294 0.053052 0.040049 0.098314 0.969444 0.913254 0.208833 0.954211 0.070556 0.810956 0.047826 0.934687 0.926467 0.970402 0.362915 0.907574 0.897692 0.876733 0.935283 0.061280 0.148926 0.394372 0.776259 0.920945 0.210729 0.671091 0.073278 0.546995 0.079696 0.824636 0.047432 0.850418 0.956788 0.954641 0.053601 0.902014 0.742727 0.091504 0.094677 0.988878 0.169410 0.900001 0.059622 0.761705 0.842371 0.152245 0.126166 0.852603 0.094036 0.917157 0.087929 0.742908 0.917553 0.087619 0.025172 0.647606 0.831527 0.926883 0.865252 0.028205
0.062480 0.808943 0.104954 0.844641 0.038467 0.054939 0.049785 0.080036 0.972114 0.899177 0.197663 0.957499 0.051466 0.844565 0.043041 0.941014 0.947283 0.957698 0.309444 0.927427 0.882462 0.925038 0.902263 0.021708 0.089027 0.358964 0.814040 0.945116 0.223102 0.687998 0.056168 0.583185 0.042820 0.853728 0.051578 0.926701 0.952778 0.965026 0.041954 0.867669 0.815451 0.100076 0.114169 0.990526 0.127069 0.855218 0.058160 0.780958 0.898658 0.193549 0.129943 0.853068 0.088705 0.894819 0.071513 0.727411 0.935864 0.053792 0.012067 0.550182 0.803670 0.930729 0.879520 0.031961
0.073779 0.779972 0.089371 0.852547 0.032791 0.054749 0.038532 0.103008 0.959382 0.898778 0.158850 0.928736 0.060396 0.778469 0.034532 0.950544 0.951729 0.971921 0.367964 0.921966 0.838383 0.931697 0.896141 0.021155 0.072345 0.350212 0.833094 0.954735 0.157299 0.668783 0.088751 0.592562 0.055219 0.803217 0.089660 0.914090 0.953877 0.960194 0.064002 0.868621 0.802227 0.065829 0.094410 0.986445 0.118068 0.841636 0.060633 0.791337 0.867835 0.129762 0.092432 0.883694 0.083411 0.898437 0.066724 0.816319 0.936435 0.078311 0.017966 0.647622 0.841447 0.953017 0.804133 0.026584
0.076963 0.796012 0.064551 0.837270 0.035071 0.058174 0.038166 0.100990 0.952170 0.909467 0.151139 0.916847 0.063613 0.786954 0.044884 0.932111 0.938189 0.970672 0.401186 0.940088 0.858617 0.915232 0.839926 0.023234 0.096708 0.225563 0.902129 0.953424 0.195650 0.663378 0.079042 0.678141 0.071070 0.766780 0.062763 0.846957 0.942308 0.922205 0.061409 0.863914 0.770451 0.078166 0.157883 0.988171 0.115417 0.898138 0.059813 0.831971 0.880520 0.178937 0.119563 0.866550 0.093945 0.906531 0.078651 0.765130 0.911172 0.063998 0.014338 0.643706 0.796430 0.936534 0.879535 0.028650
0.087198 0.654866 0.058045 0.813744 0.028603 0.049925 0.048201 0.090662 0.952078 0.918179 0.206108 0.954048 0.049563 0.805144 0.050549 0.930971 0.951431 0.969995 0.307868 0.922728 0.858838 0.882968 0.913105 0.020694 0.138876 0.402460 0.843188 0.928846 0.269901 0.749779 0.112847 0.677591 0.055150 0.733542 0.090375 0.904390 0.962438 0.932112 0.059552 0.879541 0.776191 0.104500 0.104148 0.988340 0.206202 0.893794 0.065860 0.800149 0.882368 0.182252 0.181451 0.876142 0.105692 0.904592 0.071629 0.780289 0.909010 0.077117 0.018947 0.576740 0.798678 0.907117 0.843787 0.023277
0.079708 0.811321 0.077371 0.822975 0.049220 0.056760 0.044445 0.124725 0.941327 0.905433 0.228345 0.949283 0.076073 0.827193 0.032799 0.949771 0.936065 0.944300 0.359046 0.918212 0.890747 0.938833 0.896783 0.022953 0.088346 0.319741 0.853045 0.937137 0.244915 0.678381 0.077674 0.613047 0.078173 0.809369 0.059374 0.857293 0.942110 0.954642 0.072217 0.856898 0.759924 0.124885 0.127567 0.983295 0.100138 0.886501 0.049896 0.824936 0.900389 0.124927 0.102382 0.843194 0.094646 0.886866 0.081187 0.764829 0.917696 0.119681 0.022310 0.652920 0.822345 0.921455 0.874295 0.030260
0.098974 0.818968 0.124505 0.834225 0.030155 0.100103 0.104409 0.095782 0.925979 0.872785 0.154028 0.910050 0.056564 0.897324 0.057074 0.942727 0.924211 0.931661 0.329246 0.907722 0.794217 0.929675 0.796506 0.020140 0.132332 0.293961 0.886119 0.924209 0.236880 0.716122 0.068876 0.588143 0.097101 0.893837 0.088507 0.897866 0.935271 0.940225 0.093619 0.834110 0.799109 0.123694 0.132328 0.978581 0.103402 0.850957 0.067588 0.781200 0.824863 0.138930 0.114178 0.898061 0.083951 0.868529 0.072776 0.871542 0.944592 0.130184 0.023506 0.598160 0.821301 0.899308 0.811750 0.024467
0.757691 0.094488 0.754607 0.028703 0.041708 0.036774 0.034579 0.581171 0.960668 0.871573 0.349937 0.940580 0.061032 0.019061 0.129316 0.098738 0.967983 0.927452 0.915858 0.940355 0.951583 0.159848 0.950668 0.095311 0.185786 0.911567 0.053829 0.883403 0.886983 0.941209 0.239612 0.123794 0.131548 0.058152 0.046375 0.766372 0.981928 0.914999 0.056974 0.850373 0.460940 0.865749 0.672402 0.980947 0.939909 0.965711 0.056152 0.826985 0.977405 0.769524 0.949835 0.045218 0.198147 0.841239 0.880934 0.053859 0.832728 0.100339 0.029744 0.257216 0.680982 0.934689 0.954236 0.842528
0.722729 0.039340 0.770963 0.024186 0.032481 0.031709 0.034954 0.595226 0.980215 0.889518 0.356977 0.951884 0.038558 0.009761 0.082378 0.074707 0.973031 0.914432 0.972139 0.911738 0.897058 0.122307 0.928066 0.043676 0.102757 0.899735 0.070482 0.873706 0.876448 0.937813 0.177739 0.180473 0.139605 0.038434 0.033930 0.847613 0.988845 0.950670 0.044868 0.908120 0.440275 0.852414 0.580868 0.981605 0.955650 0.983528 0.106390 0.800318 0.970888 0.856331 0.974001 0.059230 0.221976 0.849516 0.854445 0.036898 0.886424 0.100579 0.027406 0.144731 0.651105 0.947713 0.982031 0.784586
0.826230 0.066240 0.727696 0.028204 0.035803 0.039106 0.040933 0.462934 0.972698 0.846869 0.362568 0.920464 0.030890 0.009728 0.099233 0.091832 0.976652 0.919116 0.936867 0.949383 0.956642 0.150601 0.937299 0.040693 0.143030 0.901758 0.073089 0.872570 0.936280 0.964132 0.212220 0.156672 0.163641 0.029750 0.038487 0.763586 0.984752 0.866059 0.046508 0.862741 0.412792 0.873026 0.561758 0.975564 0.967895 0.974788 0.061205 0.770210 0.969819 0.832049 0.941687 0.036211 0.343407 0.889701 0.894801 0.029927 0.852892 0.113633 0.028336 0.181168 0.721202 0.936935 0.976297 0.829554
0.815160 0.076020 0.833451 0.021222 0.052546 0.046369 0.026395 0.574043 0.972659 0.906815 0.399033 0.872258 0.056131 0.016374 0.073525 0.087753 0.980784 0.909933 0.923714 0.934021 0.929690 0.139346 0.952940 0.075604 0.187072 0.883065 0.057629 0.870272 0.908905 0.926162 0.227503 0.138148 0.088880 0.047997 0.045784 0.759623 0.990736 0.934826 0.035452 0.885060 0.336350 0.880450 0.650825 0.984784 0.924417 0.968376 0.068976 0.821260 0.980526 0.876584 0.930462 0.027665 0.218280 0.867941 0.844073 0.049306 0.844545 0.127590 0.025342 0.174984 0.733089 0.951918 0.937726 0.837052
0.148504 0.938167 0.037134 0.879317 0.099560 0.812749 0.944527 0.066165 0.139565 0.092643 0.966982 0.885989 0.146510 0.819984 0.154468 0.131150 0.141083 0.918916 0.926566 0.190798 0.042272 0.028006 0.895560 0.082657 0.319346 0.139047 0.989582 0.079756 0.194519 0.105945 0.873166 0.943998 0.924343 0.830656 0.592059 0.188846 0.026327 0.858089 0.916754 0.129259 0.968278 0.136258 0.075839 0.046514 0.111844 0.105281 0.838840 0.096603 0.064160 0.738957 0.941683 0.896349 0.522673 0.027912 0.934105 0.903471 0.654013 0.119281 0.901586 0.108203 0.032353 0.899665 0.771886 0.002218
0.896304 0.843100 0.898442 0.878386 0.938557 0.825547 0.810519 0.968221 0.518769 0.505604 0.051562 0.115891 0.973320 0.810628 0.932289 0.969568 0.136465 0.058733 0.060108 0.334048 0.029361 0.965543 0.072602 0.939635 0.702602 0.142045 0.256163 0.576432 0.298107 0.240222 0.091363 0.249317 0.434921 0.660440 0.939842 0.818184 0.130977 0.163042 0.936236 0.297879 0.083440 0.141194 0.915971 0.030672 0.166517 0.135164 0.911076 0.733916 0.120123 0.633053 0.068721 0.904323 0.118199 0.794745 0.065643 0.931043 0.403344 0.965011 0.895918 0.777862 0.860240 0.049739 0.025431 0.951410
0.847223 0.719717 0.819301 0.870894 0.952208 0.871923 0.844865 0.969500 0.597497 0.743109 0.134801 0.084672 0.960454 0.823402 0.966189 0.953558 0.170957 0.072420 0.095472 0.254047 0.090155 0.940598 0.086478 0.949544 0.900355 0.135971 0.537708 0.525929 0.353705 0.297368 0.230312 0.253599 0.618686 0.502882 0.882153 0.780629 0.211891 0.170912 0.926004 0.242233 0.069595 0.220803 0.945096 0.033054 0.134693 0.297324 0.917272 0.618771 0.083738 0.399014 0.071686 0.825336 0.315940 0.777367 0.092170 0.885618 0.350042 0.965427 0.862575 0.713907 0.844866 0.059647 0.024375 0.941390
0.854182 0.712038 0.830056 0.935325 0.958298 0.882222 0.879679 0.943352 0.202991 0.567477 0.123164 0.076734 0.971300 0.786585 0.963581 0.961514 0.103684 0.044741 0.083199 0.350737 0.034193 0.933506 0.033356 0.952701 0.936903 0.074234 0.502380 0.783264 0.331118 0.238443 0.243616 0.203869 0.568535 0.377539 0.940789 0.625404 0.142119 0.295491 0.926992 0.420756 0.070539 0.158254 0.894163 0.058659 0.170713 0.101075 0.927253 0.557180 0.154278 0.380759 0.075911 0.902514 0.187912 0.864154 0.075577 0.929853 0.611378 0.969272 0.913559 0.634573 0.856764 0.063299 0.046710 0.910177
0.877632 0.808278 0.916066 0.876416 0.957649 0.855426 0.860736 0.927580 0.241475 0.666028 0.121961 0.077809 0.968456 0.754664 0.967848 0.975110 0.147699 0.064148 0.097004 0.235307 0.046580 0.948573 0.022690 0.947374 0.892133 0.112693 0.572428 0.734291 0.376138 0.188916 0.253711 0.198334 0.363778 0.190648 0.940019 0.808357 0.107601 0.170627 0.921365 0.250022 0.081112 0.154812 0.910789 0.030357 0.194174 0.116682 0.942196 0.633556 0.059273 0.295237 0.126287 0.839039 0.211203 0.819986 0.050437 0.950952 0.778946 0.969032 0.878120 0.682294 0.754176 0.048764 0.030707 0.934243
0.903622 0.748314 0.871915 0.870611 0.961358 0.948985 0.840282 0.918667 0.240274 0.617864 0.075966 0.079144 0.955524 0.861836 0.972105 0.976994 0.095947 0.065556 0.052093 0.344316 0.059016 0.950768 0.043240 0.951657 0.855283 0.093027 0.371374 0.667695 0.180883 0.178141 0.070339 0.203721 0.325328 0.376353 0.939303 0.777139 0.249395 0.291504 0.924795 0.236808 0.087114 0.062217 0.899658 0.035350 0.262717 0.088889 0.961668 0.632455 0.107701 0.269670 0.038536 0.931543 0.243180 0.772548 0.045587 0.943044 0.872186 0.959688 0.894119 0.529914 0.838620 0.082916 0.048457 0.899639
0.817725 0.813818 0.875130 0.901900 0.931931 0.877826 0.835961 0.933768 0.301682 0.465794 0.096050 0.081000 0.964629 0.753267 0.934198 0.945604 0.159174 0.053754 0.108538 0.174653 0.059138 0.918419 0.041223 0.944607 0.934090 0.108253 0.380928 0.770233 0.225868 0.167623 0.187962 0.181924 0.435987 0.171668 0.918866 0.468439 0.209621 0.194397 0.863321 0.210978 0.081184 0.198430 0.899295 0.048147 0.144283 0.208339 0.936581 0.618189 0.193477 0.412138 0.079725 0.865440 0.184147 0.808671 0.103812 0.912493 0.826873 0.939595 0.866341 0.697961 0.857333 0.070280 0.061468 0.908695
0.111656 0.778415 0.255124 0.615383 0.053675 0.091165 0.052618 0.060135 0.978299 0.861396 0.240666 0.970984 0.067057 0.842580 0.046515 0.931968 0.909800 0.901711 0.633317 0.967420 0.789114 0.909961 0.855975 0.019735 0.051368 0.556304 0.567150 0.961834 0.234052 0.839928 0.035338 0.460485 0.072765 0.920004 0.085109 0.955243 0.954995 0.983031 0.070473 0.748525 0.893898 0.112474 0.114632 0.992883 0.347332 0.577293 0.043435 0.940184 0.460187 0.128678 0.327518 0.836505 0.054866 0.867178 0.148446 0.791268 0.973679 0.061091 0.011203 0.732199 0.767653 0.911588 0.844940 0.075880
0.843253 0.733758 0.813922 0.855700 0.968523 0.830239 0.879159 0.901485 0.516002 0.668297 0.097893 0.081076 0.980215 0.883752 0.940852 0.969109 0.125041 0.051814 0.098645 0.284388 0.090548 0.950793 0.054890 0.940816 0.825410 0.120152 0.178649 0.632362 0.233682 0.192264 0.188864 0.427207 0.552301 0.731444 0.909234 0.739221 0.293768 0.333792 0.868993 0.384920 0.060760 0.209345 0.897961 0.048133 0.166915 0.089549 0.911444 0.566289 0.099343 0.247716 0.048139 0.869862 0.409959 0.843794 0.139774 0.897815 0.267399 0.935413 0.891580 0.681342 0.875861 0.026436 0.022537 0.943693
0.740087 0.668034 0.838198 0.944283 0.981606 0.858032 0.886966 0.926384 0.350581 0.505980 0.054981 0.061063 0.991125 0.887504 0.984771 0.954720 0.144138 0.028444 0.054933 0.253447 0.060759 0.924629 0.012940 0.970836 0.630911 0.102165 0.159368 0.544205 0.338689 0.165194 0.200243 0.133999 0.742323 0.842397 0.934258 0.848948 0.127399 0.341864 0.832355 0.382574 0.099428 0.106480 0.870267 0.053883 0.210423 0.060930 0.933917 0.735443 0.060346 0.168543 0.077039 0.880533 0.429006 0.885751 0.096692 0.929353 0.354661 0.939818 0.850932 0.850851 0.905284 0.020341 0.014274 0.957753
0.820633 0.811772 0.852818 0.851300 0.941584 0.826212 0.886720 0.984412 0.364757 0.674921 0.043530 0.088681 0.977659 0.768303 0.981598 0.952479 0.232890 0.024430 0.085105 0.169422 0.063159 0.943880 0.040405 0.959553 0.777742 0.086334 0.233638 0.687535 0.272979 0.128223 0.196326 0.183691 0.350734 0.645326 0.883894 0.821198 0.217279 0.123294 0.822039 0.283180 0.043733 0.166376 0.904174 0.054041 0.148338 0.164820 0.911307 0.714851 0.083563 0.366683 0.066925 0.895423 0.231268 0.842615 0.058225 0.891507 0.392307 0.932824 0.899410 0.811713 0.900199 0.042263 0.015000 0.918781
0.129609 0.185564 0.929991 0.873161 0.922733 0.746147 0.088635 0.167331 0.410992 0.233130 0.098250 0.189281 0.956459 0.930606 0.939248 0.945516 0.171502 0.159794 0.063257 0.918432 0.830634 0.877317 0.048438 0.516303 0.621370 0.788905 0.106244 0.885180 0.125455 0.918415 0.040572 0.057326 0.081272 0.920506 0.794973 0.954047 0.845385 0.900981 0.064194 0.845040 0.633090 0.160322 0.156742 0.951424 0.462538 0.127470 0.063339 0.979369 0.085119 0.059089 0.042695 0.836632 0.048597 0.900038 0.045643 0.890460 0.842723 0.245445 0.046425 0.913999 0.801937 0.077595 0.271977 0.840380
0.143245 0.142670 0.959385 0.810921 0.897998 0.610458 0.114732 0.194926 0.559880 0.321149 0.095882 0.101238 0.897117 0.851111 0.932132 0.956499 0.235111 0.153535 0.064503 0.929942 0.752545 0.866399 0.041885 0.557388 0.631436 0.775391 0.094762 0.906816 0.076884 0.903232 0.019589 0.058868 0.048724 0.930978 0.884126 0.915719 0.896268 0.882812 0.050896 0.873597 0.643267 0.225001 0.165961 0.951740 0.614894 0.127958 0.046190 0.970239 0.109585 0.051180 0.048086 0.703034 0.057182 0.895540 0.045381 0.823601 0.860116 0.343670 0.031370 0.957850 0.594537 0.055626 0.169285 0.899547
0.148121 0.137456 0.904882 0.862095 0.894270 0.755203 0.148324 0.143245 0.542695 0.324428 0.098635 0.120263 0.936273 0.921268 0.956578 0.978577 0.217838 0.145596 0.040857 0.932529 0.814732 0.896687 0.029917 0.458851 0.533030 0.882346 0.211332 0.860207 0.113389 0.928481 0.031052 0.030466 0.079323 0.897113 0.919011 0.952153 0.889597 0.842054 0.057642 0.871859 0.686460 0.147396 0.184976 0.939680 0.675640 0.102119 0.087230 0.965586 0.119957 0.042511 0.028993 0.785730 0.094142 0.867017 0.039737 0.869791 0.882416 0.275563 0.034269 0.927060 0.822336 0.042940 0.184919 0.871086
0.173476 0.075102 0.966922 0.848142 0.924237 0.648074 0.173467 0.131323 0.576387 0.231190 0.059202 0.245498 0.952093 0.801936 0.967947 0.946783 0.319617 0.116262 0.049778 0.951866 0.866433 0.861129 0.051570 0.400847 0.606948 0.802896 0.104426 0.941842 0.133183 0.908773 0.043499 0.035028 0.068988 0.881526 0.903787 0.954074 0.861927 0.911912 0.032596 0.864965 0.408790 0.161179 0.129931 0.978394 0.740441 0.137512 0.096891 0.961935 0.134912 0.051952 0.056008 0.815255 0.069670 0.925592 0.021937 0.874539 0.877491 0.321193 0.032258 0.918722 0.698598 0.047832 0.168739 0.872506
0.193260 0.066781 0.917173 0.854363 0.915956 0.639143 0.106453 0.181811 0.514314 0.244821 0.112907 0.113888 0.932141 0.905410 0.893407 0.948785 0.232166 0.096881 0.043654 0.944685 0.870238 0.877368 0.065981 0.408004 0.549289 0.865836 0.087924 0.951474 0.133185 0.940974 0.050385 0.059023 0.083403 0.903793 0.921466 0.941612 0.880419 0.903253 0.052824 0.856936 0.633616 0.150455 0.168916 0.963077 0.603971 0.187560 0.083070 0.959860 0.092599 0.064407 0.069512 0.853731 0.041958 0.866625 0.037379 0.836750 0.784437 0.217240 0.043222 0.922244 0.858224 0.046708 0.195911 0.892059
0.169537 0.062399 0.908751 0.839380 0.919762 0.721437 0.125147 0.141159 0.448296 0.171566 0.100999 0.113125 0.925686 0.867092 0.925021 0.966506 0.174513 0.121316 0.072402 0.968873 0.903096 0.839318 0.057142 0.376023 0.538342 0.862306 0.126496 0.953762 0.084277 0.928910 0.032728 0.051650 0.040382 0.885825 0.914199 0.927658 0.895089 0.900201 0.046987 0.901458 0.773234 0.112372 0.108124 0.967085 0.603614 0.141046 0.093534 0.959327 0.110368 0.070791 0.077253 0.838508 0.053266 0.922498 0.036324 0.944221 0.822975 0.166390 0.046927 0.914347 0.735814 0.058053 0.174798 0.874870
0.130023 0.118434 0.931285 0.862746 0.942160 0.715332 0.079013 0.130466 0.425183 0.293378 0.147596 0.192724 0.957304 0.891697 0.963715 0.977075 0.254704 0.116226 0.042966 0.951442 0.828715 0.863532 0.036619 0.337927 0.727848 0.811402 0.089139 0.908568 0.098310 0.923955 0.048756 0.056182 0.080828 0.914725 0.859837 0.905861 0.883941 0.866230 0.049479 0.881169 0.465728 0.265073 0.207789 0.972696 0.676154 0.107821 0.138361 0.970179 0.149798 0.055993 0.035186 0.849159 0.041286 0.904621 0.060299 0.841597 0.799053 0.154473 0.043070 0.894524 0.864813 0.062642 0.131853 0.796105
0.196295 0.057426 0.943000 0.849057 0.905173 0.578840 0.101220 0.192147 0.451728 0.173807 0.162178 0.163149 0.927206 0.860554 0.928368 0.926366 0.158759 0.114998 0.034171 0.959846 0.792430 0.743060 0.058278 0.446198 0.631630 0.835413 0.085791 0.952889 0.101247 0.910935 0.033645 0.081971 0.085844 0.930047 0.947159 0.925856 0.899302 0.921809 0.064874 0.894180 0.612329 0.141428 0.158362 0.968098 0.491068 0.152066 0.100668 0.927930 0.094597 0.068957 0.084477 0.770490 0.087617 0.912135 0.041121 0.861594 0.843553 0.292418 0.043377 0.911028 0.782442 0.052953 0.228245 0.864165
0.126584 0.084220 0.932296 0.867413 0.885250 0.650885 0.076431 0.104336 0.666479 0.308096 0.156464 0.075877 0.940898 0.847605 0.940141 0.977489 0.223695 0.213110 0.060007 0.945309 0.810277 0.825991 0.099335 0.362766 0.619648 0.844374 0.068200 0.928300 0.047872 0.941924 0.022033 0.025125 0.063752 0.921056 0.850578 0.932327 0.819014 0.951692 0.028183 0.837517 0.625125 0.129631 0.109066 0.963241 0.815139 0.108662 0.056679 0.980492 0.141517 0.049417 0.045971 0.863189 0.066990 0.866488 0.032296 0.909959 0.910463 0.232992 0.029421 0.902681 0.791703 0.050479 0.171107 0.764897
0.057840 0.816269 0.107672 0.844307 0.060046 0.095831 0.017073 0.027893 0.957521 0.899932 0.134497 0.943347 0.067284 0.873198 0.054749 0.927455 0.935859 0.965637 0.463637 0.967559 0.802363 0.885744 0.890336 0.021402 0.132191 0.379403 0.789704 0.974654 0.261182 0.711268 0.033194 0.573982 0.030007 0.900630 0.050786 0.938900 0.963123 0.987209 0.089187 0.855047 0.818368 0.071839 0.080537 0.988839 0.128777 0.673047 0.031917 0.874259 0.654248 0.047190 0.199124 0.933187 0.046114 0.855707 0.160099 0.768098 0.962358 0.176616 0.011344 0.655627 0.787942 0.928357 0.844186 0.033429
0.136264 0.038157 0.938522 0.122208 0.817422 0.146102 0.110864 0.847330 0.612872 0.769780 0.237348 0.138994 0.824961 0.163626 0.799130 0.773744 0.852938 0.212245 0.120205 0.954576 0.951970 0.136059 0.108541 0.707873 0.907187 0.921312 0.030652 0.876482 0.713020 0.945660 0.080068 0.049870 0.089246 0.184341 0.222796 0.666971 0.964147 0.171332 0.029373 0.839371 0.126663 0.854711 0.641330 0.945925 0.912270 0.827413 0.059936 0.893790 0.865029 0.285891 0.226658 0.111749 0.681677 0.787034 0.112796 0.101657 0.147227 0.163416 0.050528 0.785001 0.839347 0.138410 0.652863 0.979722
0.333261 0.043004 0.935856 0.099641 0.932023 0.115435 0.078617 0.965622 0.620355 0.566586 0.409417 0.160650 0.731783 0.079714 0.856643 0.768696 0.863118 0.086682 0.152628 0.955725 0.945798 0.230339 0.109493 0.829044 0.905621 0.886590 0.025645 0.814965 0.829646 0.955299 0.081934 0.051063 0.087551 0.215650 0.207200 0.549515 0.960496 0.120657 0.024892 0.911194 0.075971 0.853580 0.569721 0.966042 0.962604 0.863884 0.065456 0.893573 0.969838 0.309974 0.231246 0.102773 0.576779 0.828276 0.100170 0.079613 0.193674 0.106120 0.033839 0.809351 0.810605 0.116804 0.621056 0.985674
0.197537 0.057432 0.918256 0.068444 0.732558 0.151301 0.110603 0.900857 0.706317 0.583071 0.180628 0.143522 0.732923 0.075020 0.891120 0.778081 0.841980 0.116361 0.199494 0.962021 0.960585 0.144237 0.051610 0.881122 0.867322 0.903318 0.046229 0.859436 0.709185 0.961644 0.091819 0.050514 0.065715 0.268498 0.170054 0.584316 0.958947 0.075396 0.022066 0.856667 0.059574 0.860391 0.607003 0.961572 0.933176 0.910682 0.051314 0.833816 0.930034 0.340473 0.457583 0.077597 0.596241 0.838210 0.081104 0.063204 0.093200 0.255586 0.037233 0.766379 0.830586 0.111769 0.661670 0.970929
0.190573 0.043195 0.940850 0.809736 0.933032 0.568792 0.115921 0.139756 0.390892 0.219344 0.125226 0.146814 0.883763 0.869870 0.908479 0.976281 0.254804 0.118917 0.039302 0.952230 0.895622 0.854704 0.038268 0.526818 0.365348 0.837453 0.084045 0.914500 0.118465 0.924155 0.020536 0.046792 0.043687 0.917622 0.971085 0.877867 0.875429 0.919912 0.072672 0.816700 0.530690 0.122577 0.170239 0.956620 0.689284 0.123874 0.102526 0.979423 0.092268 0.074571 0.055415 0.730345 0.105003 0.867049 0.037788 0.832147 0.863723 0.236685 0.027530 0.903851 0.654587 0.073086 0.198964 0.851763
0.932268 0.044859 0.910854 0.075278 0.928883 0.794494 0.839078 0.955182 0.265844 0.723050 0.299305 0.104849 0.886515 0.127815 0.945587 0.094983 0.879023 0.083431 0.474871 0.821649 0.732818 0.649381 0.046013 0.961698 0.955584 0.489536 0.060811 0.222220 0.875175 0.887338 0.909764 0.066482 0.906138 0.026939 0.790272 0.078836 0.939572 0.047401 0.181272 0.547019 0.022422 0.951481 0.946073 0.108187 0.905504 0.813862 0.775423 0.341413 0.881830 0.902622 0.130806 0.072457 0.941338 0.381717 0.246558 0.085800 0.034012 0.878752 0.911092 0.174872 0.830651 0.064012 0.137074 0.970925
0.758185 0.771313 0.804248 0.913887 0.963114 0.867396 0.910224 0.928470 0.257296 0.692547 0.063861 0.055218 0.982081 0.813093 0.959368 0.964371 0.146877 0.049088 0.099980 0.233598 0.029247 0.967870 0.037568 0.912180 0.819429 0.140202 0.242710 0.733289 0.180221 0.355762 0.234118 0.180487 0.583161 0.495954 0.947043 0.387986 0.166444 0.206196 0.877963 0.372698 0.066328 0.094874 0.914498 0.041725 0.166474 0.153560 0.948241 0.607929 0.081516 0.246070 0.031712 0.912043 0.177996 0.835116 0.060089 0.925225 0.646265 0.955994 0.895724 0.411011 0.806163 0.050476 0.024387 0.922649
0.922143 0.057582 0.946558 0.106292 0.929297 0.781837 0.865270 0.957165 0.124386 0.750747 0.171396 0.046349 0.870589 0.117718 0.966855 0.096121 0.895445 0.058982 0.238010 0.825827 0.589122 0.868173 0.052731 0.968979 0.932517 0.639189 0.050828 0.185299 0.901821 0.926007 0.821114 0.096278 0.913423 0.032026 0.946016 0.116987 0.835128 0.055302 0.277235 0.590268 0.016845 0.928584 0.957820 0.113520 0.893220 0.835973 0.790589 0.379974 0.870810 0.925246 0.143407 0.110224 0.919478 0.420424 0.109643 0.155256 0.035335 0.896900 0.939255 0.075959 0.910244 0.050067 0.177020 0.982741
0.928638 0.020643 0.954041 0.095009 0.919044 0.775380 0.910917 0.931659 0.259537 0.635644 0.199781 0.049578 0.831712 0.058187 0.982213 0.084300 0.936725 0.053258 0.357834 0.853816 0.739606 0.825500 0.068247 0.921486 0.930763 0.611621 0.053444 0.246837 0.786657 0.906017 0.841546 0.053441 0.937063 0.018480 0.935735 0.081899 0.918386 0.070409 0.132796 0.710919 0.029385 0.964363 0.959996 0.116602 0.913900 0.864316 0.830001 0.339669 0.909121 0.913497 0.169390 0.103742 0.918502 0.579800 0.216847 0.071324 0.026206 0.904052 0.919583 0.113006 0.893624 0.082103 0.187617 0.974168
0.934509 0.042414 0.929716 0.099299 0.924878 0.789916 0.922508 0.962519 0.265257 0.703206 0.198171 0.067226 0.901491 0.119017 0.961291 0.164178 0.917568 0.056059 0.593044 0.815106 0.638127 0.859632 0.065027 0.958140 0.937610 0.616568 0.048470 0.174050 0.922608 0.898564 0.859454 0.065754 0.742979 0.068667 0.907085 0.109624 0.883454 0.040845 0.279060 0.640762 0.023044 0.923630 0.957714 0.103046 0.897841 0.921435 0.831146 0.309084 0.905381 0.899710 0.113712 0.110654 0.928943 0.656688 0.131154 0.081922 0.045741 0.914118 0.935664 0.125923 0.886637 0.092984 0.128056 0.962814
0.179576 0.126336 0.916335 0.868244 0.945001 0.624856 0.104571 0.171287 0.392145 0.266186 0.166223 0.250517 0.959606 0.846224 0.947967 0.933508 0.220186 0.147454 0.050638 0.928023 0.902780 0.831184 0.084077 0.652954 0.632617 0.850119 0.140900 0.897720 0.140518 0.879812 0.034872 0.062436 0.067633 0.944152 0.871852 0.963709 0.600222 0.881249 0.064611 0.836506 0.677542 0.146785 0.169631 0.984989 0.579320 0.072163 0.098559 0.977161 0.113969 0.039474 0.044792 0.862118 0.072652 0.795688 0.060694 0.785688 0.878364 0.097104 0.019833 0.950767 0.710778 0.070188 0.188742 0.815174
0.951369 0.033607 0.916587 0.061165 0.922098 0.800536 0.906949 0.959673 0.337267 0.811260 0.259981 0.079901 0.864233 0.126817 0.967956 0.105813 0.882741 0.078737 0.285517 0.791263 0.689543 0.786726 0.031929 0.940353 0.964839 0.669344 0.056819 0.151059 0.877439 0.910737 0.920519 0.067308 0.865502 0.025586 0.911633 0.124685 0.909160 0.047914 0.232249 0.690683 0.022494 0.951796 0.973005 0.112496 0.904892 0.893034 0.772261 0.295852 0.899361 0.930938 0.210801 0.055288 0.955620 0.556452 0.127012 0.130714 0.014129 0.940287 0.957889 0.142460 0.855197 0.051191 0.201788 0.984846
0.929254 0.039704 0.925541 0.087796 0.940611 0.759034 0.898892 0.964623 0.213052 0.746773 0.246302 0.099388 0.883393 0.191236 0.971539 0.084862 0.908799 0.054958 0.280857 0.879640 0.571103 0.715795 0.043505 0.943227 0.961110 0.685531 0.058371 0.130012 0.904050 0.923194 0.866362 0.064821 0.903479 0.040660 0.903011 0.153526 0.894446 0.050466 0.243578 0.595286 0.015184 0.953052 0.963034 0.096555 0.900940 0.849720 0.780178 0.196629 0.859005 0.909351 0.261279 0.086414 0.948641 0.596360 0.204249 0.160803 0.022791 0.926145 0.947669 0.101959 0.871321 0.039703 0.161274 0.977908
0.912526 0.063039 0.895336 0.115107 0.903129 0.646236 0.862571 0.942425 0.291848 0.605065 0.301708 0.127195 0.809826 0.092975 0.953021 0.116207 0.901936 0.084548 0.492927 0.726395 0.741055 0.777495 0.055557 0.920802 0.919141 0.549314 0.074547 0.237272 0.913559 0.920655 0.826693 0.093346 0.893105 0.022081 0.838624 0.116338 0.890526 0.052346 0.183714 0.705105 0.033011 0.973209 0.970275 0.179747 0.916110 0.862729 0.722401 0.541066 0.898358 0.950736 0.247657 0.050656 0.946948 0.762475 0.205125 0.130407 0.025815 0.900829 0.916156 0.124433 0.835014 0.113759 0.144098 0.976045
0.945576 0.045290 0.926281 0.102480 0.909041 0.708269 0.900043 0.957663 0.237501 0.731762 0.175983 0.097643 0.834293 0.130160 0.952796 0.152536 0.885656 0.072990 0.412888 0.825679 0.635459 0.800540 0.106137 0.956225 0.942293 0.688513 0.057274 0.170515 0.864031 0.842936 0.812446 0.070554 0.912234 0.038251 0.881955 0.127988 0.945152 0.063594 0.226082 0.740658 0.016499 0.958170 0.968563 0.118450 0.900024 0.863624 0.881312 0.347220 0.890240 0.938784 0.213719 0.071221 0.944313 0.462200 0.133959 0.129163 0.023198 0.922028 0.954523 0.118828 0.849779 0.074455 0.205378 0.986311
0.901878 0.727872 0.852178 0.853310 0.944376 0.853962 0.900411 0.938434 0.411237 0.588196 0.092836 0.097816 0.972726 0.597399 0.953286 0.962390 0.122976 0.085714 0.077107 0.192165 0.060626 0.954291 0.046097 0.957329 0.693518 0.096076 0.323443 0.641693 0.237513 0.197932 0.262178 0.220001 0.301642 0.546937 0.941260 0.739418 0.176638 0.187684 0.880452 0.392672 0.079217 0.239297 0.877046 0.061040 0.137876 0.188370 0.952023 0.589463 0.072928 0.574657 0.061934 0.897971 0.153613 0.842715 0.091727 0.930509 0.509290 0.948504 0.911975 0.761452 0.841750 0.078364 0.042892 0.922008
0.860199 0.741266 0.772214 0.875442 0.967857 0.882285 0.889780 0.942418 0.485355 0.691206 0.106889 0.078003 0.980826 0.813103 0.980714 0.949668 0.110204 0.062357 0.045163 0.136133 0.034350 0.933940 0.028633 0.969937 0.820686 0.072802 0.355163 0.355126 0.456135 0.211191 0.238203 0.146739 0.276182 0.624725 0.930886 0.753667 0.227714 0.177926 0.879591 0.292982 0.082828 0.271281 0.876100 0.043881 0.149076 0.147340 0.895162 0.498978 0.108171 0.383128 0.029976 0.930487 0.303921 0.870458 0.076308 0.903222 0.338295 0.956696 0.934290 0.899790 0.847331 0.027286 0.022859 0.956104
0.114134 0.803320 0.125456 0.780624 0.049184 0.049531 0.052502 0.083548 0.964454 0.906621 0.184866 0.916093 0.113859 0.766518 0.066600 0.953344 0.955351 0.950485 0.512758 0.910647 0.864325 0.918687 0.899243 0.050562 0.102486 0.343059 0.723140 0.937425 0.191604 0.825558 0.065149 0.665906 0.059892 0.830397 0.073793 0.939112 0.961236 0.942284 0.079506 0.766186 0.705196 0.129367 0.108796 0.994632 0.183495 0.858983 0.066160 0.922185 0.755096 0.090497 0.117443 0.866762 0.045180 0.889386 0.131787 0.749309 0.946724 0.108154 0.018188 0.558946 0.895353 0.907256 0.901936 0.065879
0.134484 0.766825 0.134556 0.806393 0.042019 0.050817 0.031423 0.090469 0.942826 0.872929 0.197030 0.950472 0.081151 0.859530 0.037110 0.925434 0.937784 0.944138 0.387158 0.922813 0.914384 0.841198 0.934524 0.034187 0.149289 0.398291 0.831492 0.909295 0.223263 0.661788 0.095344 0.548239 0.037594 0.795502 0.062024 0.937422 0.956221 0.942393 0.072401 0.827439 0.792291 0.119317 0.153282 0.989612 0.176667 0.893106 0.056525 0.857277 0.838312 0.139520 0.154382 0.841573 0.079825 0.834303 0.106068 0.780964 0.925970 0.070099 0.016612 0.728440 0.814954 0.935928 0.846255 0.062417
0.123073 0.931710 0.030498 0.933303 0.068927 0.768246 0.931504 0.040189 0.112327 0.099671 0.978489 0.875445 0.151715 0.849024 0.070417 0.103784 0.143160 0.922665 0.867306 0.114110 0.041246 0.032973 0.879478 0.072140 0.262590 0.182090 0.974753 0.070475 0.228555 0.089554 0.907104 0.982424 0.872753 0.950368 0.700234 0.140633 0.018498 0.920533 0.961806 0.098113 0.951184 0.138050 0.067652 0.045903 0.046095 0.113443 0.880522 0.096049 0.054991 0.470211 0.880374 0.890379 0.753495 0.032214 0.961324 0.943345 0.752556 0.203488 0.923902 0.160038 0.037232 0.878926 0.810362 0.003317
0.135506 0.914267 0.046480 0.896093 0.081528 0.870027 0.926736 0.044838 0.137710 0.051319 0.982868 0.848640 0.091475 0.882789 0.110361 0.095825 0.087914 0.904312 0.891191 0.162416 0.051361 0.024639 0.865602 0.067834 0.307685 0.172801 0.984621 0.078189 0.211162 0.075316 0.939897 0.977661 0.892910 0.894323 0.691707 0.068219 0.031385 0.937404 0.920972 0.111023 0.966582 0.150644 0.034350 0.041179 0.056476 0.133029 0.826205 0.109951 0.050155 0.493601 0.929490 0.937262 0.802841 0.033463 0.950531 0.957117 0.786441 0.215244 0.932692 0.142247 0.046768 0.838548 0.766608 0.002275
0.162088 0.946568 0.065919 0.896433 0.080171 0.804172 0.957485 0.056920 0.151729 0.101433 0.984939 0.875350 0.105207 0.816088 0.093252 0.112388 0.101746 0.880047 0.885599 0.102825 0.040722 0.057676 0.905826 0.081755 0.199344 0.135352 0.987306 0.145482 0.179407 0.114869 0.952395 0.972924 0.933502 0.891840 0.686997 0.102496 0.036775 0.880152 0.945913 0.110733 0.966089 0.141387 0.057527 0.023675 0.060943 0.143027 0.874078 0.081191 0.124134 0.399162 0.883602 0.926286 0.737946 0.033171 0.965988 0.920152 0.670743 0.129055 0.924235 0.131017 0.032008 0.872594 0.778383 0.004636
0.180196 0.886303 0.022238 0.877160 0.059448 0.798965 0.953526 0.059908 0.168464 0.070432 0.988149 0.865264 0.109109 0.850230 0.082946 0.147066 0.175835 0.927837 0.938953 0.105965 0.031728 0.028038 0.876294 0.046905 0.209512 0.135076 0.988561 0.080782 0.129250 0.070563 0.952089 0.964623 0.899895 0.915105 0.498482 0.108685 0.023909 0.887021 0.935410 0.116743 0.958445 0.136513 0.027278 0.033574 0.159773 0.190202 0.903426 0.052202 0.068744 0.750905 0.919874 0.912893 0.855942 0.024901 0.943305 0.934620 0.762508 0.097226 0.932393 0.103635 0.020403 0.896587 0.736570 0.002671
0.131423 0.904958 0.040171 0.890579 0.108494 0.812777 0.943599 0.057442 0.104240 0.077292 0.976447 0.889206 0.132521 0.903939 0.081302 0.131311 0.161192 0.915084 0.912664 0.106405 0.030204 0.036858 0.814468 0.066020 0.244458 0.095119 0.983607 0.089137 0.197731 0.093197 0.948581 0.964704 0.933980 0.939140 0.623783 0.101433 0.031502 0.890270 0.921585 0.073794 0.960320 0.145479 0.065158 0.046457 0.085977 0.084765 0.890412 0.077873 0.040243 0.582782 0.922345 0.890169 0.829502 0.036562 0.954854 0.927908 0.662171 0.173305 0.937060 0.140112 0.032660 0.843046 0.782934 0.005003
0.094129 0.899800 0.022829 0.922980 0.038370 0.838402 0.926321 0.043135 0.245685 0.090166 0.969336 0.878453 0.122771 0.837995 0.059905 0.117390 0.101230 0.905159 0.944374 0.063603 0.038549 0.057212 0.918971 0.049488 0.222591 0.076796 0.970117 0.092111 0.133378 0.059812 0.948235 0.986305 0.922647 0.946725 0.614189 0.084240 0.029711 0.918510 0.952206 0.136761 0.964199 0.180431 0.060185 0.038651 0.066734 0.093606 0.907200 0.101638 0.038927 0.594390 0.927743 0.927192 0.707478 0.042550 0.976479 0.920600 0.806653 0.164181 0.917904 0.094277 0.030574 0.952845 0.777510 0.002408
0.140947 0.943087 0.026906 0.946385 0.120908 0.835256 0.945126 0.029589 0.149833 0.114642 0.980283 0.868339 0.105366 0.891756 0.090623 0.175925 0.149619 0.925765 0.935380 0.116397 0.027691 0.053262 0.904422 0.053080 0.247820 0.125684 0.980258 0.058881 0.173147 0.082068 0.912829 0.970228 0.939221 0.966206 0.703717 0.127636 0.020133 0.918491 0.938845 0.132324 0.958705 0.142293 0.057226 0.053568 0.060500 0.103648 0.902148 0.155608 0.036470 0.584503 0.907063 0.938098 0.785833 0.028005 0.968196 0.966069 0.841342 0.232896 0.913252 0.122670 0.016323 0.901084 0.730392 0.001698
0.115289 0.947089 0.044821 0.922652 0.093685 0.816564 0.913544 0.041963 0.160126 0.088465 0.984665 0.851325 0.078487 0.897821 0.110023 0.144160 0.106468 0.886283 0.937837 0.168845 0.030040 0.025753 0.890787 0.067286 0.262399 0.143401 0.978348 0.086876 0.130392 0.088978 0.910870 0.965791 0.916156 0.943088 0.539065 0.083545 0.020137 0.914774 0.934362 0.092531 0.954673 0.152380 0.058206 0.035469 0.084311 0.079189 0.892496 0.089265 0.048223 0.643601 0.930196 0.874233 0.818941 0.015053 0.940588 0.929744 0.689803 0.194867 0.909906 0.156119 0.019876 0.894332 0.789827 0.002441
0.105057 0.935995 0.037251 0.897057 0.072714 0.880683 0.931036 0.038612 0.148571 0.089794 0.977815 0.837546 0.131252 0.901210 0.160612 0.125850 0.083927 0.849603 0.913083 0.146931 0.025384 0.039049 0.911982 0.055665 0.274334 0.136482 0.976247 0.117078 0.143118 0.080794 0.913712 0.970511 0.928463 0.926410 0.631773 0.084112 0.043884 0.914747 0.922745 0.140878 0.946240 0.201105 0.096152 0.042210 0.065385 0.127823 0.891096 0.103893 0.054220 0.731261 0.929452 0.938184 0.730176 0.015719 0.945218 0.962424 0.722712 0.171126 0.936883 0.158658 0.016510 0.889598 0.839213 0.003030
0.147027 0.940498 0.042312 0.917270 0.092821 0.867473 0.937512 0.024330 0.136535 0.112073 0.981792 0.917897 0.167439 0.744276 0.124558 0.091337 0.128731 0.858205 0.944907 0.088692 0.047061 0.013940 0.851879 0.126879 0.348034 0.170233 0.975775 0.096987 0.173563 0.055770 0.951459 0.987880 0.931206 0.905462 0.488842 0.082771 0.024704 0.890658 0.890763 0.083897 0.917522 0.190150 0.068223 0.050798 0.081605 0.092602 0.892018 0.118899 0.053508 0.429031 0.854727 0.873360 0.866000 0.026691 0.894291 0.868967 0.771739 0.341348 0.932240 0.190455 0.025794 0.739659 0.743259 0.004367
0.175520 0.942875 0.019767 0.895704 0.122202 0.845809 0.934277 0.080512 0.186945 0.115652 0.923608 0.935116 0.194563 0.890533 0.132377 0.110349 0.135373 0.940277 0.932230 0.149142 0.045341 0.050307 0.825157 0.069645 0.304512 0.151657 0.986814 0.044525 0.332154 0.072224 0.914545 0.970555 0.903264 0.914780 0.298989 0.074169 0.031147 0.864535 0.964335 0.173889 0.917500 0.158842 0.098201 0.049012 0.070030 0.068078 0.882403 0.114357 0.054176 0.753438 0.926470 0.890189 0.575181 0.058903 0.932953 0.918948 0.570643 0.387599 0.942766 0.205236 0.040212 0.820721 0.842424 0.004251
0.903375 0.667950 0.910380 0.897593 0.977112 0.910269 0.888857 0.863947 0.355035 0.581706 0.078965 0.077629 0.983653 0.804891 0.984625 0.972779 0.151359 0.021374 0.067975 0.249322 0.071153 0.940264 0.071959 0.937987 0.893027 0.109482 0.190006 0.647491 0.150646 0.191456 0.139568 0.166752 0.535210 0.520201 0.984761 0.650725 0.133442 0.432569 0.869457 0.383679 0.079228 0.079851 0.888581 0.048930 0.201648 0.065739 0.947715 0.646206 0.077518 0.286561 0.053705 0.916225 0.153378 0.807438 0.106160 0.935638 0.734972 0.956817 0.918472 0.562447 0.859026 0.027430 0.016667 0.952196
0.054936 0.802121 0.220191 0.838407 0.060499 0.076977 0.018564 0.071696 0.967948 0.801746 0.302586 0.921342 0.099025 0.848413 0.067953 0.944748 0.880689 0.879187 0.538873 0.950051 0.800094 0.848496 0.837237 0.044127 0.095335 0.904946 0.714599 0.957215 0.170905 0.862340 0.056076 0.256842 0.047083 0.872924 0.121504 0.955979 0.962364 0.981782 0.038421 0.858397 0.852676 0.179751 0.031617 0.972669 0.281150 0.710263 0.017666 0.905356 0.375634 0.121898 0.214212 0.821026 0.054455 0.902131 0.129349 0.727107 0.964647 0.075682 0.010561 0.853419 0.725173 0.788818 0.875206 0.121429
0.144506 0.883228 0.133241 0.783415 0.139670 0.070984 0.047175 0.086062 0.953745 0.857839 0.303092 0.954647 0.071465 0.745755 0.058365 0.941155 0.903968 0.945390 0.621910 0.848525 0.767982 0.930642 0.925258 0.063514 0.063545 0.766859 0.857609 0.946961 0.136414 0.533530 0.080109 0.246411 0.075515 0.910591 0.081957 0.879428 0.909621 0.963073 0.041380 0.852694 0.844721 0.078624 0.101611 0.958973 0.168493 0.708692 0.032913 0.804061 0.682832 0.223466 0.184975 0.838954 0.093315 0.782363 0.089879 0.752437 0.955542 0.118656 0.038015 0.747313 0.731255 0.942756 0.864892 0.109354
0.069171 0.924632 0.068884 0.878692 0.082049 0.394265 0.141053 0.033948 0.107633 0.088742 0.921620 0.966159 0.142749 0.884450 0.112562 0.059388 0.041859 0.944505 0.229663 0.135436 0.739623 0.030640 0.864762 0.042281 0.311510 0.952116 0.949726 0.790206 0.095723 0.234065 0.293058 0.952474 0.050529 0.947395 0.079414 0.863045 0.085114 0.954426 0.186753 0.231825 0.922858 0.123218 0.034849 0.942327 0.086586 0.063961 0.031389 0.854927 0.110528 0.044183 0.948693 0.413521 0.051966 0.067460 0.897439 0.177188 0.944877 0.031422 0.024228 0.945881 0.020516 0.886770 0.945645 0.042436
0.088419 0.743626 0.210664 0.919617 0.927182 0.938626 0.914905 0.259399 0.062980 0.072522 0.924080 0.080273 0.912864 0.974061 0.939571 0.268265 0.042120 0.068063 0.089433 0.114220 0.044846 0.043851 0.073983 0.938734 0.944524 0.593774 0.922332 0.081348 0.154231 0.288597 0.850546 0.874589 0.950023 0.960532 0.943702 0.139758 0.036934 0.067544 0.848299 0.164801 0.843453 0.776597 0.114419 0.060068 0.111282 0.053598 0.703453 0.175976 0.056495 0.132602 0.234924 0.806982 0.899899 0.069485 0.562206 0.892394 0.055328 0.570071 0.938582 0.839895 0.037899 0.066343 0.140756 0.100195
0.724124 0.209399 0.069269 0.055350 0.073615 0.635352 0.914054 0.381352 0.076668 0.089314 0.973388 0.756593 0.055398 0.063052 0.057769 0.033360 0.401292 0.925582 0.960272 0.161034 0.359323 0.014653 0.884455 0.110852 0.784032 0.818496 0.933590 0.052242 0.904955 0.448683 0.979167 0.887894 0.906144 0.045408 0.155190 0.047263 0.076929 0.063540 0.860125 0.265577 0.764782 0.926350 0.280566 0.077559 0.865236 0.928689 0.727477 0.019891 0.873939 0.946113 0.968717 0.127721 0.965335 0.010337 0.917118 0.073586 0.092408 0.114407 0.918147 0.063003 0.046827 0.936458 0.954339 0.098436
0.032411 0.933559 0.108770 0.847313 0.045558 0.403041 0.121081 0.030124 0.102793 0.104249 0.896572 0.963816 0.144658 0.909022 0.087140 0.156085 0.148352 0.957647 0.275668 0.492787 0.526722 0.027538 0.922312 0.041292 0.178036 0.885737 0.978542 0.568670 0.158828 0.190856 0.306205 0.977279 0.102357 0.967877 0.101026 0.808112 0.100146 0.950806 0.432325 0.310161 0.961094 0.094584 0.025834 0.950166 0.122446 0.164710 0.042844 0.658745 0.181344 0.065071 0.903905 0.559335 0.160459 0.086819 0.915460 0.243647 0.898218 0.046159 0.036140 0.876457 0.055035 0.925454 0.964415 0.012082
0.066412 0.877107 0.104658 0.861531 0.067307 0.625932 0.076700 0.030932 0.176477 0.089408 0.868122 0.935592 0.164899 0.878857 0.134727 0.116453 0.088513 0.901602 0.266997 0.267775 0.652713 0.040426 0.884116 0.032422 0.189832 0.935721 0.955569 0.260138 0.087667 0.181274 0.319331 0.961317 0.129549 0.959096 0.128593 0.923158 0.100071 0.952723 0.416127 0.524868 0.968503 0.251225 0.026456 0.968796 0.135827 0.142199 0.058383 0.722699 0.139080 0.085990 0.912098 0.595310 0.096647 0.066957 0.869242 0.151704 0.921505 0.039121 0.026033 0.898819 0.019561 0.833504 0.928014 0.030061
0.064516 0.908785 0.103540 0.850726 0.022345 0.481511 0.042736 0.024922 0.128355 0.086604 0.914648 0.962126 0.163787 0.879256 0.155589 0.119029 0.057794 0.918491 0.301012 0.277830 0.764587 0.026308 0.864221 0.076337 0.200114 0.894331 0.956761 0.697670 0.143397 0.234168 0.667989 0.932945 0.069877 0.974658 0.098835 0.895248 0.075282 0.953091 0.269580 0.255509 0.948245 0.090504 0.036029 0.937584 0.080907 0.106518 0.107815 0.724293 0.118581 0.067125 0.912092 0.438745 0.126667 0.066914 0.868682 0.236426 0.924033 0.087830 0.032222 0.925464 0.026955 0.902372 0.906121 0.013794
0.963100 0.259123 0.246127 0.009887 0.047783 0.035553 0.232110 0.925614 0.929825 0.926392 0.707114 0.823152 0.023932 0.022746 0.047992 0.078338 0.968253 0.648636 0.988750 0.316074 0.835453 0.858529 0.854426 0.786467 0.162433 0.240957 0.093558 0.184207 0.984907 0.239984 0.974989 0.659265 0.897673 0.009474 0.075160 0.184767 0.960211 0.150410 0.701344 0.573758 0.067988 0.970658 0.931370 0.187055 0.888717 0.981719 0.807581 0.066121 0.960674 0.957772 0.976964 0.035137 0.912123 0.799909 0.913658 0.060868 0.101950 0.869666 0.937645 0.055087 0.838688 0.905771 0.869381 0.858383
0.840934 0.712496 0.770507 0.864712 0.934748 0.798169 0.832015 0.909597 0.422102 0.492792 0.124599 0.075305 0.941177 0.734726 0.970730 0.959584 0.182267 0.077497 0.077923 0.287814 0.100688 0.936940 0.051396 0.900213 0.804747 0.080884 0.198059 0.652395 0.303404 0.277946 0.165666 0.186176 0.315678 0.444180 0.901626 0.787281 0.333070 0.184845 0.901845 0.397921 0.091535 0.224219 0.880130 0.057226 0.143239 0.133652 0.927724 0.579880 0.191973 0.427972 0.078074 0.872435 0.123413 0.870311 0.070500 0.926147 0.503377 0.919094 0.827241 0.734987 0.842974 0.058616 0.053727 0.921363
0.824795 0.871136 0.769471 0.898348 0.914437 0.856931 0.821468 0.958196 0.393672 0.747161 0.083632 0.091908 0.958646 0.811678 0.968955 0.966674 0.191627 0.056199 0.084888 0.331598 0.054610 0.930327 0.066054 0.949149 0.730851 0.101569 0.601939 0.791338 0.226709 0.625720 0.266305 0.230738 0.298586 0.665100 0.911581 0.715908 0.157792 0.149159 0.894009 0.523102 0.066393 0.220602 0.897688 0.057410 0.125648 0.194882 0.908731 0.466101 0.120583 0.694775 0.047208 0.889475 0.197184 0.825548 0.065602 0.936237 0.400462 0.945182 0.797052 0.796857 0.759585 0.058747 0.037547 0.856848
0.862709 0.777625 0.801835 0.931982 0.952907 0.822594 0.882661 0.940656 0.280602 0.454057 0.106994 0.073717 0.973115 0.836629 0.965602 0.951651 0.151903 0.049604 0.096611 0.322978 0.055393 0.923065 0.054533 0.939584 0.759854 0.174170 0.361117 0.790923 0.631248 0.402908 0.136051 0.202438 0.399863 0.597941 0.911394 0.834777 0.135035 0.213194 0.920209 0.402877 0.089534 0.231021 0.881385 0.083917 0.284201 0.125402 0.928506 0.722830 0.062901 0.450428 0.062292 0.882797 0.161981 0.913155 0.056749 0.942218 0.347236 0.918661 0.818048 0.775488 0.838564 0.075086 0.025796 0.920221
0.862637 0.798865 0.844320 0.879269 0.957223 0.854505 0.923905 0.898915 0.347937 0.408043 0.060540 0.041524 0.972449 0.758343 0.950988 0.978603 0.164648 0.047589 0.086062 0.248159 0.085758 0.954316 0.067995 0.951182 0.657336 0.142760 0.389100 0.462752 0.459283 0.360851 0.123784 0.211038 0.278166 0.482865 0.909856 0.782472 0.106449 0.211553 0.920438 0.311792 0.068079 0.164790 0.884460 0.051274 0.128361 0.159904 0.932557 0.776464 0.086535 0.669978 0.072681 0.877029 0.123556 0.879262 0.076468 0.934056 0.423469 0.924456 0.919716 0.794108 0.846497 0.041990 0.037803 0.927854
0.137291 0.839956 0.173045 0.935477 0.961781 0.952199 0.938968 0.188697 0.045150 0.085348 0.928732 0.116372 0.908456 0.931849 0.926426 0.800516 0.036405 0.152730 0.136557 0.087041 0.049558 0.108306 0.053589 0.917196 0.908634 0.334623 0.920069 0.089676 0.105170 0.248366 0.883321 0.847987 0.887466 0.966948 0.924288 0.173485 0.012386 0.073105 0.941550 0.163617 0.828246 0.532370 0.152641 0.039399 0.123909 0.031774 0.774867 0.080725 0.057711 0.200824 0.303849 0.801230 0.902725 0.055416 0.486215 0.897826 0.156238 0.647365 0.860672 0.883321 0.057833 0.066454 0.087302 0.110423
0.069047 0.920954 0.124804 0.957955 0.928292 0.936894 0.907434 0.245330 0.038641 0.087095 0.891217 0.132819 0.918018 0.971225 0.940647 0.438214 0.050665 0.118036 0.107458 0.165793 0.053400 0.065000 0.066831 0.877757 0.899028 0.509147 0.936081 0.078213 0.118619 0.141049 0.867767 0.903271 0.802758 0.959252 0.919996 0.208159 0.027045 0.077982 0.933795 0.173509 0.865262 0.705117 0.086460 0.026741 0.056330 0.062162 0.679092 0.121204 0.046264 0.139078 0.340084 0.810448 0.934408 0.048344 0.706563 0.872258 0.081280 0.719757 0.887214 0.856077 0.029669 0.060081 0.111490 0.050073
0.075110 0.804946 0.231502 0.951166 0.934736 0.947098 0.954752 0.157282 0.031128 0.085956 0.900120 0.182762 0.929779 0.972086 0.913255 0.232246 0.027781 0.180901 0.116017 0.138561 0.053860 0.087698 0.105923 0.802713 0.920845 0.268462 0.939814 0.083752 0.128374 0.243649 0.830097 0.914860 0.876057 0.979869 0.877173 0.097369 0.046603 0.107346 0.936879 0.115218 0.802971 0.613952 0.120114 0.030575 0.089578 0.097082 0.721244 0.099940 0.034983 0.184072 0.170056 0.841869 0.907876 0.076456 0.681893 0.905015 0.050220 0.580300 0.955894 0.875036 0.052898 0.074708 0.089704 0.058478
0.829615 0.788003 0.883959 0.867119 0.967004 0.842343 0.836591 0.924070 0.603564 0.502972 0.089066 0.062945 0.980042 0.800127 0.980014 0.951332 0.237193 0.046059 0.157832 0.224694 0.059640 0.970103 0.030738 0.953001 0.841627 0.099587 0.268205 0.487296 0.557790 0.378879 0.170809 0.165336 0.408139 0.620836 0.895537 0.867624 0.158931 0.146546 0.877750 0.434501 0.097087 0.188550 0.863668 0.072339 0.110297 0.130716 0.918278 0.632987 0.136495 0.417474 0.079445 0.916558 0.136256 0.859960 0.070135 0.953921 0.231962 0.940331 0.921831 0.851229 0.773725 0.042843 0.049596 0.878147
0.853251 0.821330 0.837689 0.913271 0.966176 0.876218 0.853951 0.913500 0.595385 0.662930 0.115548 0.054190 0.968663 0.865227 0.951426 0.960259 0.139482 0.042135 0.088834 0.337133 0.058280 0.974052 0.027825 0.943973 0.899414 0.096183 0.597943 0.582106 0.637701 0.320668 0.201831 0.146805 0.265654 0.573975 0.955577 0.765146 0.079313 0.108413 0.901012 0.212097 0.043019 0.230668 0.872861 0.059847 0.298986 0.142838 0.904674 0.704899 0.124376 0.280284 0.031680 0.910140 0.316239 0.834217 0.069891 0.950322 0.751322 0.952560 0.877788 0.782325 0.803705 0.037062 0.034033 0.936529
0.928629 0.824487 0.870011 0.906319 0.935860 0.878836 0.787703 0.950226 0.437161 0.516107 0.157458 0.069802 0.973635 0.769415 0.971508 0.969615 0.195757 0.034374 0.096863 0.240905 0.089115 0.941096 0.046328 0.962645 0.707081 0.085463 0.705834 0.698050 0.272177 0.419885 0.180363 0.230643 0.291370 0.403855 0.935915 0.801890 0.137187 0.093666 0.917398 0.412292 0.080425 0.136443 0.898392 0.064539 0.296077 0.168930 0.949201 0.461199 0.186181 0.396896 0.055218 0.868888 0.361363 0.801076 0.088480 0.883144 0.612154 0.971287 0.834902 0.807813 0.836029 0.037486 0.036777 0.941406
0.932498 0.364948 0.147613 0.010084 0.082770 0.067094 0.098417 0.943284 0.954790 0.932854 0.684075 0.703919 0.029008 0.015843 0.038591 0.068077 0.974676 0.755076 0.984987 0.245971 0.831539 0.848155 0.879454 0.901733 0.156066 0.186789 0.076870 0.174405 0.980045 0.178720 0.973172 0.786742 0.886989 0.013719 0.101075 0.195502 0.928786 0.061529 0.632735 0.471718 0.086593 0.981185 0.943394 0.191955 0.868357 0.966128 0.827357 0.057834 0.959170 0.963973 0.966041 0.023525 0.940455 0.854904 0.896179 0.099030 0.134482 0.894827 0.892089 0.066620 0.795689 0.911884 0.842918 0.910523
0.961770 0.258088 0.289050 0.005530 0.055733 0.048878 0.143554 0.950775 0.941654 0.941795 0.649500 0.825050 0.028746 0.016573 0.040849 0.065718 0.980034 0.621365 0.983410 0.246673 0.797672 0.830709 0.885186 0.799677 0.160347 0.210990 0.078440 0.292072 0.986493 0.237781 0.965937 0.800427 0.923231 0.007904 0.076873 0.164821 0.959177 0.055567 0.689753 0.546980 0.041771 0.965223 0.951595 0.157717 0.924852 0.980806 0.777213 0.041466 0.981763 0.975889 0.981459 0.019159 0.950818 0.801010 0.934839 0.054566 0.084633 0.850273 0.905030 0.044223 0.818282 0.912052 0.883392 0.910429
0.951974 0.353923 0.214830 0.028057 0.088987 0.065585 0.175971 0.965807 0.944712 0.959185 0.768968 0.654321 0.067068 0.036123 0.057110 0.082636 0.986630 0.747721 0.985795 0.462883 0.787685 0.917119 0.887402 0.874376 0.204594 0.177375 0.089716 0.137781 0.974705 0.162879 0.962211 0.685267 0.916954 0.008953 0.076640 0.140376 0.939798 0.159458 0.740343 0.500108 0.035455 0.964376 0.923897 0.191684 0.922046 0.955857 0.812348 0.067330 0.977911 0.956109 0.957298 0.019283 0.950990 0.923218 0.916590 0.103959 0.153935 0.855792 0.934646 0.053876 0.885720 0.908504 0.815223 0.887494
0.939469 0.027657 0.935941 0.098592 0.947578 0.705368 0.854475 0.950209 0.261948 0.417450 0.521158 0.057698 0.838587 0.130658 0.976088 0.255858 0.924392 0.059245 0.352841 0.872827 0.692549 0.843516 0.030656 0.945936 0.926305 0.394889 0.026335 0.228803 0.839199 0.935789 0.901335 0.062598 0.848901 0.027293 0.824599 0.112465 0.933465 0.027972 0.430274 0.815410 0.023956 0.962433 0.965000 0.102651 0.931652 0.887715 0.774446 0.352146 0.885191 0.905777 0.488016 0.121601 0.927255 0.651658 0.162800 0.157421 0.016215 0.922186 0.949497 0.183328 0.890607 0.048786 0.240235 0.966204
0.919546 0.034899 0.908360 0.075914 0.939214 0.743269 0.818135 0.963404 0.252718 0.578588 0.283215 0.065940 0.750144 0.203691 0.947637 0.120012 0.817226 0.073559 0.423871 0.761244 0.683239 0.889701 0.043357 0.938862 0.938166 0.553893 0.027263 0.232956 0.855235 0.903567 0.906910 0.076320 0.788750 0.032910 0.903407 0.115687 0.899850 0.024648 0.212122 0.748353 0.019672 0.975178 0.963965 0.114990 0.902873 0.848508 0.855271 0.431346 0.880047 0.907782 0.494555 0.074611 0.928789 0.432773 0.155479 0.147591 0.026451 0.917328 0.946027 0.147502 0.840353 0.060844 0.135522 0.976694
0.933137 0.058464 0.919446 0.102036 0.939634 0.791126 0.835782 0.957965 0.359447 0.318163 0.261552 0.077194 0.903624 0.135105 0.963310 0.240077 0.814300 0.033063 0.613007 0.797064 0.648383 0.887030 0.069741 0.954986 0.916287 0.463877 0.037081 0.177651 0.884251 0.897881 0.937366 0.067700 0.896441 0.043052 0.879026 0.212015 0.901504 0.027561 0.409028 0.639509 0.032491 0.960828 0.945309 0.063424 0.893766 0.788599 0.821895 0.377190 0.830424 0.901004 0.647040 0.089214 0.916281 0.716879 0.139424 0.076687 0.030379 0.878409 0.926199 0.281169 0.870142 0.080123 0.155438 0.982634
0.943294 0.431833 0.214397 0.011114 0.070286 0.042277 0.196863 0.944861 0.925067 0.934732 0.656618 0.673561 0.028323 0.016807 0.060889 0.064204 0.956865 0.777116 0.975416 0.271100 0.863565 0.841745 0.898729 0.877629 0.193123 0.181996 0.083012 0.233806 0.989322 0.244728 0.977019 0.480792 0.859570 0.005291 0.041192 0.113543 0.956244 0.111337 0.627805 0.464047 0.049608 0.989010 0.953881 0.191621 0.873003 0.967595 0.743570 0.095345 0.979245 0.964447 0.976266 0.017484 0.934220 0.870218 0.948415 0.069415 0.141109 0.885697 0.941544 0.052102 0.867647 0.930374 0.856480 0.926491
0.926348 0.417637 0.166842 0.017493 0.084888 0.070594 0.245085 0.953916 0.901132 0.944972 0.755996 0.753232 0.078284 0.022640 0.087415 0.099549 0.972252 0.724485 0.972311 0.151921 0.814787 0.851505 0.805103 0.892333 0.173150 0.206303 0.093835 0.153907 0.983691 0.201692 0.956483 0.613835 0.870132 0.014659 0.080440 0.164582 0.927049 0.097839 0.656951 0.704996 0.051517 0.975331 0.939502 0.200396 0.933684 0.954672 0.815846 0.110859 0.971411 0.971176 0.976039 0.018468 0.968668 0.931370 0.923724 0.077711 0.115167 0.934563 0.947446 0.106624 0.878583 0.899515 0.825579 0.930574
0.948341 0.291511 0.147152 0.007773 0.067362 0.082418 0.149354 0.957913 0.957918 0.937401 0.560729 0.756713 0.044203 0.008812 0.065983 0.049721 0.977008 0.633467 0.982817 0.240176 0.865371 0.843095 0.891395 0.880177 0.147038 0.177013 0.068324 0.165105 0.982372 0.247546 0.972326 0.582776 0.913962 0.009089 0.059848 0.147679 0.954123 0.050607 0.676695 0.517354 0.059519 0.981144 0.953524 0.335934 0.920000 0.964716 0.762186 0.088350 0.977532 0.978711 0.967557 0.024842 0.946533 0.824318 0.941377 0.044365 0.113831 0.886425 0.904147 0.040797 0.819333 0.900659 0.838588 0.940872
0.921856 0.351792 0.230372 0.014654 0.059603 0.067141 0.171017 0.959570 0.945688 0.929587 0.689307 0.725658 0.057007 0.021671 0.105787 0.077817 0.980199 0.753574 0.986743 0.238919 0.894329 0.879408 0.889619 0.841001 0.221295 0.140800 0.107091 0.161288 0.974937 0.224570 0.969194 0.658642 0.907267 0.007209 0.057089 0.103152 0.945738 0.087484 0.657302 0.414609 0.060431 0.981900 0.943365 0.262082 0.931090 0.974601 0.779808 0.088395 0.975955 0.959148 0.973547 0.019132 0.961337 0.887267 0.940081 0.042596 0.093749 0.851468 0.921614 0.055455 0.842433 0.909662 0.875222 0.934641
0.113993 0.867629 0.192507 0.754573 0.078534 0.049499 0.036688 0.139215 0.979503 0.847947 0.304246 0.928279 0.041583 0.718166 0.096231 0.969659 0.881281 0.938503 0.568327 0.878111 0.690437 0.922962 0.924981 0.120788 0.070845 0.433294 0.720520 0.914995 0.231053 0.626328 0.108812 0.176027 0.061183 0.893630 0.123216 0.909878 0.931441 0.949227 0.093157 0.842774 0.831893 0.138073 0.145527 0.961830 0.175036 0.636316 0.069381 0.754695 0.644604 0.261061 0.163350 0.836521 0.058176 0.871213 0.104924 0.756170 0.951152 0.147473 0.026481 0.795892 0.683173 0.927985 0.876941 0.054093
0.580054 0.658956 0.081425 0.061486 0.059750 0.468022 0.902799 0.525630 0.206747 0.179797 0.963392 0.690875 0.075572 0.079935 0.059332 0.034407 0.743396 0.904821 0.959166 0.218559 0.765688 0.050913 0.902414 0.123410 0.769222 0.832794 0.869025 0.066886 0.892197 0.199469 0.966294 0.916730 0.921179 0.032613 0.072899 0.048708 0.166294 0.065526 0.862929 0.237142 0.568427 0.936403 0.354779 0.169648 0.793920 0.932131 0.386019 0.045961 0.896373 0.933074 0.978644 0.077661 0.970466 0.072999 0.956005 0.063275 0.088055 0.136399 0.907926 0.056262 0.130663 0.869351 0.935082 0.212553
0.631652 0.785368 0.080266 0.050454 0.052117 0.298854 0.913767 0.236981 0.180811 0.142085 0.947576 0.945291 0.030897 0.131693 0.113662 0.014131 0.468712 0.947731 0.978503 0.177232 0.695915 0.040711 0.942841 0.150080 0.890824 0.832350 0.921188 0.064141 0.905967 0.325558 0.986728 0.958973 0.944713 0.040577 0.061615 0.043938 0.129312 0.048354 0.780426 0.150457 0.541429 0.917560 0.473147 0.194477 0.714911 0.923635 0.390169 0.048955 0.845287 0.909393 0.986934 0.089835 0.941220 0.063574 0.977043 0.061665 0.063527 0.254830 0.915609 0.068812 0.145724 0.915738 0.939974 0.110276
0.528629 0.597715 0.103135 0.044303 0.070500 0.344705 0.917477 0.285083 0.200278 0.157269 0.978116 0.828816 0.059156 0.111269 0.137318 0.013909 0.563720 0.936719 0.931997 0.171769 0.529511 0.029944 0.929602 0.110001 0.813222 0.807387 0.846012 0.068361 0.918815 0.316455 0.976148 0.924217 0.913758 0.051731 0.095918 0.043719 0.087474 0.050935 0.839644 0.173101 0.679491 0.919820 0.508718 0.109952 0.878210 0.932234 0.547452 0.028775 0.831513 0.903406 0.972321 0.090480 0.962266 0.025811 0.952511 0.094113 0.110854 0.103500 0.903211 0.076411 0.083402 0.920133 0.934190 0.141112
0.450198 0.765751 0.072782 0.032343 0.034760 0.213148 0.858002 0.265414 0.259954 0.212138 0.966486 0.867504 0.053912 0.086279 0.067410 0.015293 0.310326 0.934788 0.971789 0.158266 0.646306 0.052126 0.871467 0.134211 0.806271 0.819909 0.921724 0.076961 0.930580 0.257549 0.975897 0.919871 0.932808 0.031678 0.057612 0.044148 0.150117 0.057155 0.896871 0.194198 0.666522 0.906311 0.497646 0.082969 0.813419 0.899283 0.589953 0.049491 0.830214 0.951569 0.983018 0.105768 0.961860 0.107592 0.966986 0.084693 0.066451 0.125099 0.922842 0.048789 0.165942 0.945877 0.929801 0.112859
0.082528 0.153530 0.903894 0.868230 0.888250 0.598204 0.128620 0.151589 0.611759 0.348009 0.116085 0.202395 0.840295 0.880313 0.943387 0.944217 0.305462 0.198232 0.062134 0.951583 0.835101 0.822274 0.065459 0.467252 0.642607 0.905398 0.098565 0.939151 0.097032 0.928456 0.051654 0.079882 0.069614 0.927167 0.844255 0.876506 0.875471 0.896681 0.049928 0.910671 0.487790 0.234714 0.148846 0.928375 0.581702 0.198172 0.107321 0.942122 0.118151 0.043737 0.066675 0.851299 0.109712 0.887735 0.045660 0.858187 0.838838 0.353061 0.038397 0.911556 0.681692 0.059820 0.186327 0.781655
0.202978 0.120895 0.924950 0.888618 0.944226 0.558182 0.084819 0.179931 0.679925 0.303877 0.131718 0.175479 0.919159 0.868771 0.926124 0.973746 0.256513 0.096060 0.084727 0.918037 0.849507 0.918608 0.085510 0.789573 0.586886 0.691804 0.189541 0.953058 0.099162 0.886007 0.043322 0.041633 0.072235 0.938020 0.897560 0.907699 0.864242 0.878047 0.046169 0.867283 0.603602 0.276096 0.142227 0.938197 0.560881 0.122717 0.166360 0.962424 0.131634 0.030647 0.048191 0.909395 0.122182 0.857272 0.046642 0.868994 0.864770 0.202976 0.082176 0.959755 0.765098 0.077546 0.093348 0.800572
0.155186 0.132952 0.858402 0.868939 0.872787 0.421915 0.091512 0.167583 0.738555 0.332468 0.223336 0.240671 0.859524 0.837929 0.936196 0.945480 0.373553 0.121923 0.088964 0.954370 0.806746 0.791823 0.078169 0.654008 0.533991 0.812333 0.106061 0.966946 0.121016 0.910697 0.086152 0.051308 0.055260 0.923191 0.905403 0.934013 0.867727 0.916248 0.073240 0.902120 0.505577 0.152553 0.191322 0.921832 0.741771 0.180755 0.142782 0.937515 0.188708 0.051951 0.073870 0.777832 0.076218 0.886624 0.059625 0.857161 0.833832 0.160464 0.035132 0.906940 0.778925 0.109819 0.150411 0.793316
0.175896 0.136388 0.921239 0.893693 0.849065 0.561867 0.157649 0.134559 0.384271 0.249681 0.192983 0.305340 0.920575 0.867240 0.923984 0.910466 0.229872 0.176857 0.039140 0.857037 0.839407 0.743848 0.074244 0.707052 0.484048 0.765430 0.144032 0.890502 0.115622 0.904631 0.070119 0.051304 0.050445 0.902206 0.857910 0.903015 0.744865 0.901566 0.058434 0.763931 0.483110 0.152195 0.181926 0.977960 0.478431 0.155814 0.117107 0.974610 0.157864 0.098759 0.054518 0.677935 0.061545 0.870951 0.064181 0.694395 0.842376 0.163555 0.026123 0.946373 0.718949 0.166676 0.253468 0.737083
0.148374 0.073042 0.758256 0.066810 0.648767 0.894796 0.954626 0.853500 0.048620 0.075055 0.945710 0.089509 0.779416 0.126835 0.910578 0.010918 0.097898 0.054569 0.694271 0.174715 0.298924 0.024657 0.067372 0.688490 0.969891 0.919145 0.629849 0.037533 0.907287 0.905965 0.959826 0.722003 0.918714 0.129912 0.877785 0.066986 0.036400 0.028359 0.725530 0.186549 0.340334 0.937915 0.256896 0.068597 0.928960 0.611789 0.253691 0.120617 0.296528 0.836781 0.930733 0.028295 0.946327 0.041122 0.895096 0.037630 0.014728 0.268395 0.901889 0.601275 0.067558 0.119402 0.699100 0.899579
0.175648 0.125162 0.773872 0.092937 0.850440 0.873916 0.939078 0.902270 0.045977 0.071200 0.929247 0.084329 0.852329 0.168336 0.910233 0.011218 0.133469 0.095548 0.840212 0.231900 0.408356 0.034160 0.184619 0.835388 0.964440 0.840151 0.805924 0.077398 0.805722 0.860472 0.931841 0.696916 0.960597 0.085253 0.902184 0.037397 0.074736 0.023311 0.864848 0.314452 0.629777 0.898382 0.431707 0.072229 0.946905 0.588718 0.441048 0.173861 0.234171 0.865472 0.926023 0.059183 0.932670 0.047902 0.950471 0.067762 0.015747 0.194413 0.938295 0.274598 0.099685 0.123294 0.680200 0.921897
0.724822 0.109648 0.715333 0.046597 0.070863 0.018750 0.041813 0.272087 0.892504 0.814206 0.613593 0.954772 0.031505 0.057438 0.088497 0.117729 0.936540 0.941798 0.913716 0.916119 0.969973 0.227000 0.917201 0.130391 0.116781 0.893763 0.091401 0.866025 0.820914 0.930713 0.404651 0.239455 0.163862 0.060872 0.050577 0.746210 0.987737 0.865577 0.062347 0.727947 0.361281 0.794843 0.631356 0.977291 0.921325 0.909310 0.125165 0.824208 0.947205 0.760344 0.949546 0.057012 0.349005 0.866802 0.707110 0.051571 0.749109 0.106387 0.038167 0.351732 0.782419 0.898261 0.961715 0.642087
0.698853 0.099513 0.740566 0.030538 0.043484 0.060265 0.026235 0.265214 0.936493 0.808497 0.418034 0.887852 0.035849 0.047967 0.071801 0.081889 0.905086 0.783465 0.884125 0.882746 0.939241 0.196669 0.941275 0.113111 0.204222 0.917491 0.116721 0.788013 0.890456 0.909312 0.441726 0.200100 0.140594 0.109002 0.041730 0.689847 0.989479 0.863719 0.036014 0.898073 0.351330 0.837302 0.468290 0.956163 0.955268 0.941426 0.113248 0.781259 0.920165 0.844784 0.912705 0.057150 0.310784 0.859253 0.847078 0.068600 0.713343 0.111129 0.067290 0.226740 0.589580 0.844106 0.962139 0.824009
0.544317 0.492745 0.083627 0.097098 0.064691 0.134116 0.878985 0.402292 0.154234 0.182149 0.964226 0.882679 0.065083 0.088084 0.118625 0.024174 0.834747 0.891925 0.958029 0.163480 0.487061 0.040469 0.893586 0.093567 0.840401 0.819594 0.862598 0.091007 0.926932 0.264595 0.978892 0.897514 0.927781 0.049406 0.079601 0.047968 0.182681 0.050207 0.663183 0.245727 0.389472 0.928833 0.340938 0.108273 0.773472 0.939602 0.508295 0.035251 0.866870 0.967416 0.985852 0.080070 0.936564 0.056638 0.966578 0.075918 0.066806 0.220875 0.907602 0.083179 0.075377 0.921567 0.967406 0.266072
0.060618 0.889931 0.076402 0.890962 0.067362 0.444122 0.071827 0.035412 0.160576 0.106818 0.928479 0.949037 0.120939 0.896710 0.114535 0.127863 0.030372 0.952381 0.366539 0.195916 0.672687 0.037168 0.893665 0.057913 0.230782 0.897702 0.970718 0.685172 0.116848 0.297030 0.512269 0.967574 0.062346 0.969239 0.131849 0.877324 0.101282 0.963026 0.187107 0.278133 0.961993 0.056450 0.023915 0.945955 0.104149 0.073449 0.093136 0.628606 0.116215 0.056152 0.916313 0.640543 0.119759 0.074565 0.883755 0.169292 0.929215 0.063325 0.014252 0.935339 0.026408 0.928979 0.914612 0.007155
0.046388 0.941700 0.060404 0.905789 0.065381 0.345541 0.056843 0.020737 0.145659 0.099371 0.909145 0.966116 0.147709 0.908021 0.122969 0.084046 0.026538 0.953143 0.187177 0.139735 0.735559 0.023218 0.935969 0.044355 0.233349 0.944640 0.963230 0.724225 0.099375 0.227698 0.666448 0.953956 0.061219 0.971810 0.099739 0.883187 0.064382 0.963212 0.180457 0.408047 0.969001 0.094681 0.031281 0.968278 0.085802 0.070904 0.082023 0.673379 0.169345 0.048044 0.925820 0.674999 0.152125 0.063634 0.874352 0.134349 0.932789 0.050894 0.014160 0.953688 0.015551 0.904758 0.929800 0.016347
0.088353 0.817727 0.437675 0.940654 0.955127 0.954312 0.950845 0.410023 0.039346 0.078692 0.933387 0.099060 0.936030 0.976841 0.936852 0.636420 0.021323 0.083084 0.126334 0.133010 0.055826 0.069083 0.045468 0.917316 0.940980 0.388098 0.917520 0.117030 0.163338 0.247267 0.791042 0.856168 0.841807 0.978859 0.935467 0.168316 0.031468 0.080455 0.937600 0.139261 0.818247 0.417027 0.122956 0.036629 0.135723 0.044538 0.812967 0.221513 0.039736 0.153493 0.186002 0.884912 0.877474 0.073411 0.762018 0.927680 0.072420 0.419892 0.906806 0.886337 0.028931 0.050174 0.060784 0.101492
0.112590 0.762392 0.340897 0.934660 0.953468 0.962599 0.945878 0.183268 0.038423 0.083577 0.936480 0.079681 0.952199 0.964282 0.958472 0.335400 0.018926 0.078897 0.087502 0.133840 0.064933 0.098815 0.050619 0.919235 0.929095 0.538011 0.927361 0.133390 0.171726 0.252299 0.839104 0.849459 0.761604 0.972617 0.963383 0.135325 0.012366 0.130146 0.940560 0.144761 0.886438 0.391395 0.207093 0.037430 0.200486 0.055722 0.768579 0.216520 0.033656 0.116958 0.102132 0.810812 0.923980 0.030076 0.685706 0.895813 0.112096 0.803419 0.932006 0.874823 0.044356 0.104709 0.058053 0.089590
