0.934021 0.137157 0.040258 0.960205 0.009692 0.888454 0.935719 0.032089 0.021627 0.829606 0.110025 0.087507 0.981497 0.037196 0.032600 0.984365
0.953141 0.169225 0.039661 0.924431 0.005711 0.883610 0.947361 0.028351 0.013201 0.870028 0.126018 0.084309 0.983062 0.030698 0.010924 0.974101
0.933298 0.060882 0.046957 0.929518 0.002253 0.911039 0.961682 0.033291 0.013484 0.860117 0.117142 0.070631 0.989011 0.016731 0.020245 0.989728
0.955508 0.080283 0.066597 0.934727 0.005389 0.903777 0.942680 0.018767 0.016505 0.873125 0.102176 0.049536 0.989344 0.050063 0.011487 0.981240
0.964299 0.128196 0.070152 0.945353 0.007050 0.861659 0.944052 0.010215 0.017168 0.937402 0.070049 0.127799 0.972529 0.054094 0.009200 0.979728
0.956084 0.148595 0.074568 0.943882 0.004548 0.911424 0.892663 0.026884 0.017698 0.861613 0.080293 0.071395 0.983585 0.049894 0.012696 0.982037
0.954099 0.096302 0.085198 0.932525 0.003586 0.891866 0.916190 0.016204 0.012489 0.865415 0.062616 0.115284 0.969506 0.052176 0.015828 0.978536
0.088416 0.036370 0.034945 0.986240 0.005935 0.123621 0.017000 0.092172 0.026405 0.924991 0.025011 0.090361 0.018444 0.514235 0.011382 0.970467
0.962245 0.059817 0.076061 0.940578 0.001803 0.888284 0.959875 0.018756 0.014006 0.875585 0.127769 0.064008 0.990614 0.041981 0.014096 0.984012
0.012448 0.038293 0.974051 0.942968 0.948104 0.800739 0.021123 0.983082 0.010182 0.945991 0.257102 0.995815 0.025452 0.918948 0.041437 0.914094
0.011288 0.055008 0.971820 0.953364 0.914295 0.816952 0.021573 0.980267 0.007439 0.943262 0.159592 0.993205 0.027163 0.936751 0.034924 0.927338
0.008430 0.080306 0.979779 0.947176 0.948559 0.805319 0.012552 0.980670 0.017560 0.952259 0.277063 0.989473 0.027484 0.945834 0.033010 0.868717
0.013137 0.070283 0.974128 0.956373 0.941214 0.751264 0.015507 0.984896 0.018084 0.926918 0.208772 0.983953 0.013438 0.938136 0.047342 0.861078
0.018028 0.099522 0.984386 0.935560 0.939997 0.810179 0.020827 0.983400 0.029505 0.925058 0.275110 0.993456 0.044589 0.949931 0.046040 0.873087
0.018129 0.107484 0.979687 0.957710 0.942975 0.762748 0.018280 0.974214 0.020135 0.944336 0.255169 0.990489 0.027079 0.879962 0.065173 0.834379
0.010047 0.059739 0.978830 0.947803 0.937615 0.781446 0.013839 0.985012 0.015788 0.947239 0.195019 0.993179 0.011164 0.918920 0.043236 0.918714
0.013788 0.081748 0.977761 0.947589 0.910025 0.783529 0.027035 0.975401 0.027405 0.886480 0.227334 0.989323 0.026632 0.949474 0.033257 0.878419
0.011254 0.061258 0.953105 0.947147 0.930035 0.835153 0.022379 0.983037 0.029660 0.903477 0.204857 0.991445 0.018354 0.949149 0.066954 0.859987
0.099100 0.034015 0.048456 0.995226 0.021926 0.075794 0.020175 0.117152 0.027766 0.956958 0.025308 0.123396 0.020952 0.478313 0.013930 0.965141
0.119496 0.013908 0.059851 0.994756 0.006920 0.115611 0.029263 0.063851 0.025799 0.934778 0.019078 0.106136 0.052719 0.589528 0.011215 0.983920
0.085208 0.038733 0.048830 0.985931 0.007787 0.085368 0.022659 0.086324 0.023020 0.937921 0.017845 0.083918 0.026409 0.582588 0.017272 0.981591
0.103866 0.025181 0.102100 0.984007 0.012277 0.051957 0.017523 0.091696 0.034280 0.941951 0.017257 0.190486 0.016779 0.652278 0.015713 0.972192
0.933504 0.083713 0.046105 0.013285 0.652975 0.778651 0.912973 0.982672 0.009986 0.022843 0.990384 0.995638 0.085256 0.003754 0.933980 0.205106
0.904475 0.982160 0.993123 0.007575 0.906816 0.851897 0.925703 0.050099 0.986860 0.906695 0.832960 0.056896 0.973747 0.970653 0.947535 0.027716
0.688982 0.963398 0.960361 0.020459 0.914855 0.826591 0.969259 0.048112 0.994456 0.827796 0.866639 0.062283 0.978561 0.956535 0.856685 0.028484
0.860201 0.969460 0.977618 0.037569 0.919755 0.853546 0.941807 0.062509 0.955678 0.884082 0.934004 0.080313 0.984785 0.927522 0.923565 0.048622
0.885489 0.970541 0.985515 0.007096 0.926540 0.870173 0.911296 0.030149 0.983660 0.862056 0.913165 0.026495 0.977667 0.950337 0.932880 0.028959
0.947145 0.962452 0.980464 0.010982 0.858934 0.829442 0.905985 0.060639 0.965011 0.585410 0.861386 0.043610 0.970458 0.954148 0.928733 0.062981
0.839125 0.978055 0.976492 0.020193 0.879523 0.799574 0.912925 0.069792 0.969412 0.929646 0.887550 0.031244 0.966240 0.961646 0.891913 0.020933
0.000856 0.129421 0.984414 0.983716 0.954008 0.678032 0.006076 0.980329 0.040010 0.981540 0.012992 0.932765 0.001879 0.912717 0.112645 0.803489
0.792897 0.986756 0.984971 0.022892 0.844909 0.812918 0.905955 0.081457 0.989901 0.820896 0.751911 0.035644 0.955608 0.971103 0.907664 0.032733
0.820836 0.982436 0.980766 0.027531 0.884315 0.808528 0.944598 0.084939 0.989527 0.864026 0.816455 0.067223 0.957340 0.940162 0.849977 0.034598
0.767786 0.992320 0.980615 0.037990 0.909005 0.832395 0.913078 0.082204 0.999139 0.835738 0.804099 0.040354 0.969602 0.970138 0.917283 0.013311
0.011197 0.978439 0.990645 0.923615 0.968234 0.045345 0.012433 0.970842 0.990977 0.911379 0.052271 0.035030 0.044380 0.993862 0.858732 0.013830
0.047779 0.959136 0.981808 0.857569 0.928794 0.066890 0.030104 0.935590 0.947379 0.946890 0.073920 0.031979 0.040510 0.987526 0.881700 0.026635
0.024692 0.967605 0.986300 0.894401 0.951331 0.051462 0.025132 0.949239 0.990256 0.965631 0.037673 0.058519 0.026374 0.993032 0.858156 0.014116
0.016977 0.974464 0.985041 0.894449 0.961597 0.090032 0.008459 0.956416 0.987577 0.911870 0.059209 0.042731 0.036823 0.989489 0.871743 0.018043
0.033983 0.947369 0.980995 0.801922 0.931714 0.047284 0.049087 0.969261 0.986406 0.945347 0.050479 0.064086 0.045734 0.969949 0.885811 0.020320
0.020396 0.970744 0.986894 0.845821 0.929261 0.074653 0.013586 0.970944 0.989834 0.944281 0.044392 0.033349 0.029062 0.975467 0.754863 0.027904
0.018530 0.979824 0.982673 0.862776 0.971305 0.083626 0.013483 0.958984 0.997879 0.929762 0.041842 0.035387 0.022874 0.996330 0.856679 0.031196
0.029319 0.963394 0.970011 0.890591 0.965803 0.067884 0.022954 0.956595 0.987634 0.945143 0.066090 0.064268 0.059451 0.971112 0.867593 0.028563
0.010918 0.950993 0.987833 0.922689 0.948330 0.056395 0.018249 0.970671 0.975404 0.925380 0.052051 0.039867 0.020472 0.981648 0.812900 0.046725
0.001538 0.079028 0.985929 0.967376 0.931109 0.847564 0.002910 0.962973 0.019668 0.966191 0.020063 0.958521 0.001687 0.928501 0.038492 0.948700
0.144925 0.777933 0.041511 0.958472 0.018542 0.098949 0.011458 0.046953 0.940858 0.964545 0.011281 0.021452 0.167016 0.996860 0.033988 0.917274
0.114935 0.886854 0.077834 0.969077 0.026761 0.098932 0.031289 0.089115 0.975585 0.944267 0.021556 0.021780 0.217781 0.988636 0.062289 0.815633
0.191197 0.638898 0.065284 0.967419 0.025300 0.062884 0.009051 0.067913 0.953929 0.942456 0.010933 0.019618 0.141948 0.965806 0.050417 0.888723
0.015002 0.965086 0.961814 0.921243 0.946756 0.082193 0.010369 0.953921 0.990134 0.946992 0.048065 0.052517 0.037360 0.977933 0.730116 0.023741
0.942287 0.971821 0.092804 0.370499 0.019591 0.819576 0.878317 0.020840 0.943484 0.155154 0.030726 0.039410 0.976790 0.965183 0.151752 0.851790
0.832060 0.978367 0.956511 0.022633 0.869667 0.855455 0.951652 0.048674 0.990580 0.101847 0.781996 0.072415 0.966969 0.946669 0.866285 0.024064
0.960274 0.947425 0.095322 0.167309 0.018080 0.844494 0.911259 0.018864 0.965743 0.078311 0.018686 0.033083 0.985621 0.965433 0.076332 0.911760
0.938942 0.960436 0.040365 0.269697 0.012849 0.881799 0.856352 0.028260 0.952557 0.061613 0.020660 0.023401 0.985904 0.978454 0.068045 0.928096
0.975177 0.957217 0.042496 0.298119 0.004524 0.828455 0.927433 0.010336 0.954739 0.062430 0.023473 0.023356 0.987293 0.974361 0.109437 0.919490
0.017382 0.932805 0.981266 0.800096 0.947490 0.050326 0.011733 0.943416 0.971100 0.917885 0.094111 0.078018 0.028327 0.987671 0.743867 0.036707
0.941772 0.978126 0.070927 0.161097 0.018217 0.845641 0.895306 0.028793 0.949443 0.088894 0.024917 0.032080 0.982713 0.958249 0.073731 0.896732
0.972333 0.981040 0.046103 0.191563 0.008569 0.828395 0.937594 0.017438 0.927037 0.064785 0.016686 0.017568 0.985638 0.938210 0.059040 0.906297
0.972149 0.983759 0.042272 0.226488 0.007829 0.812818 0.890077 0.012273 0.961868 0.115485 0.020429 0.014238 0.992850 0.971879 0.065656 0.930043
0.962816 0.965966 0.041717 0.241088 0.007143 0.869925 0.931921 0.014574 0.954259 0.110361 0.035228 0.040201 0.985929 0.967194 0.080333 0.943039
0.834998 0.977837 0.989355 0.019761 0.896432 0.818629 0.928744 0.044687 0.970279 0.866870 0.876107 0.033369 0.972055 0.954205 0.887542 0.028405
0.668088 0.981399 0.981641 0.052714 0.887475 0.778547 0.931179 0.063346 0.993481 0.769516 0.819549 0.047988 0.977956 0.943786 0.840362 0.018486
0.003752 0.097061 0.992836 0.948163 0.961155 0.764972 0.003500 0.986919 0.027166 0.953634 0.122262 0.982601 0.004519 0.935165 0.064468 0.840758
0.005356 0.098234 0.981044 0.974945 0.940255 0.802506 0.006976 0.981020 0.029646 0.937119 0.060613 0.980690 0.019201 0.886642 0.040807 0.932756
0.921465 0.033188 0.019891 0.049343 0.752707 0.167916 0.947392 0.942491 0.010085 0.012141 0.983050 0.997216 0.307049 0.002045 0.959264 0.341375
0.909153 0.034882 0.036975 0.020382 0.844147 0.639994 0.917632 0.961045 0.009511 0.009741 0.977523 0.996324 0.308669 0.002729 0.966479 0.319320
0.922935 0.023082 0.053917 0.038200 0.722036 0.090370 0.939245 0.971174 0.021904 0.016063 0.972916 0.995624 0.081350 0.009112 0.949436 0.217143
0.923515 0.020159 0.055536 0.047978 0.708454 0.114908 0.922209 0.959114 0.012716 0.003540 0.989470 0.997164 0.106404 0.001959 0.987858 0.287274
0.904572 0.033150 0.035345 0.039977 0.717024 0.379862 0.911149 0.966145 0.004971 0.003241 0.978949 0.997717 0.086120 0.001808 0.972283 0.490332
0.934210 0.063271 0.061663 0.040235 0.734237 0.938519 0.932756 0.969886 0.010651 0.006478 0.954898 0.997874 0.155496 0.012453 0.941591 0.439066
0.921784 0.041729 0.039777 0.023346 0.781642 0.207020 0.957146 0.966382 0.011256 0.010751 0.971868 0.996336 0.184792 0.008911 0.980278 0.488091
0.902264 0.054854 0.035272 0.022365 0.793164 0.776126 0.922500 0.969580 0.003151 0.016754 0.974564 0.997996 0.090781 0.010446 0.954966 0.319184
0.864629 0.028222 0.052204 0.027480 0.740163 0.516293 0.941204 0.953531 0.014094 0.003200 0.972282 0.993084 0.073008 0.008212 0.989274 0.156918
0.909130 0.046639 0.057551 0.056508 0.973653 0.802383 0.900041 0.997556 0.020424 0.021149 0.985262 0.998685 0.275794 0.001762 0.901199 0.251860
0.932734 0.050395 0.047766 0.019230 0.707383 0.807688 0.930966 0.981492 0.014910 0.047719 0.962172 0.994484 0.072037 0.005071 0.928028 0.132697
0.800657 0.982565 0.980124 0.005698 0.909193 0.813667 0.951747 0.067391 0.997858 0.858625 0.783073 0.045185 0.979434 0.964946 0.928553 0.015447
0.001416 0.260562 0.982416 0.988814 0.964321 0.682615 0.001218 0.980798 0.060109 0.979372 0.014929 0.903117 0.001042 0.952580 0.089880 0.855669
0.005266 0.115641 0.967314 0.959464 0.875653 0.806281 0.017071 0.973289 0.036917 0.969242 0.110574 0.967327 0.017558 0.784590 0.039188 0.910893
0.023625 0.023177 0.111497 0.973945 0.964222 0.038142 0.019154 0.990458 0.031242 0.071164 0.953256 0.987514 0.009844 0.021051 0.925742 0.714782
0.920774 0.944723 0.025310 0.017641 0.925058 0.065098 0.942205 0.961109 0.930679 0.015769 0.938358 0.959640 0.966870 0.043015 0.958061 0.044966
0.984945 0.012921 0.016741 0.066120 0.013317 0.074345 0.986994 0.017915 0.035335 0.008074 0.911706 0.961320 0.904181 0.009855 0.972826 0.983184
0.037809 0.033637 0.059317 0.961539 0.907830 0.042122 0.028332 0.991738 0.079118 0.098284 0.954696 0.985168 0.015192 0.038385 0.906893 0.580569
0.070005 0.063498 0.059139 0.949998 0.956304 0.024818 0.080640 0.982742 0.051993 0.082112 0.929645 0.982075 0.014472 0.023980 0.946603 0.622790
0.033434 0.025787 0.091114 0.965244 0.901124 0.024399 0.032229 0.991411 0.063177 0.109823 0.926474 0.968672 0.017132 0.052267 0.937112 0.668609
0.958899 0.067816 0.046632 0.958918 0.004295 0.923029 0.954827 0.014424 0.015254 0.911448 0.115824 0.069362 0.982967 0.034323 0.011318 0.977986
0.848219 0.984829 0.991193 0.024550 0.894127 0.855866 0.931903 0.036965 0.941105 0.880456 0.841586 0.047792 0.987229 0.951833 0.856563 0.062761
0.474555 0.961739 0.987540 0.010471 0.863157 0.819716 0.964157 0.049523 0.984634 0.599079 0.800743 0.030313 0.988651 0.961886 0.847217 0.031025
0.865564 0.958633 0.979459 0.054824 0.818062 0.778038 0.927884 0.059275 0.919347 0.895104 0.906230 0.050721 0.950743 0.944454 0.873170 0.017728
0.696937 0.972977 0.994307 0.023848 0.930411 0.726719 0.924742 0.074658 0.972857 0.868777 0.919695 0.071359 0.977722 0.963088 0.938196 0.010591
0.895736 0.919672 0.063096 0.022949 0.908445 0.060387 0.907679 0.960798 0.945455 0.029709 0.984029 0.920446 0.954901 0.046924 0.984279 0.039004
0.869753 0.883083 0.107379 0.025251 0.931072 0.043907 0.922353 0.961020 0.889866 0.016930 0.967464 0.930082 0.898913 0.048918 0.966645 0.043484
0.884347 0.922423 0.174399 0.029748 0.947994 0.058365 0.904048 0.950896 0.941026 0.022570 0.973642 0.834271 0.935031 0.031520 0.980621 0.040552
0.636690 0.985410 0.987839 0.036875 0.931563 0.850569 0.910722 0.041875 0.969417 0.503447 0.841124 0.067408 0.970717 0.977879 0.852418 0.048086
0.598410 0.975018 0.993826 0.043145 0.891753 0.847081 0.859508 0.075142 0.985719 0.898594 0.780145 0.036281 0.962115 0.967756 0.789430 0.038898
0.684819 0.993538 0.992769 0.010490 0.957444 0.760119 0.881496 0.123063 0.987352 0.846969 0.777583 0.041934 0.960608 0.980163 0.907150 0.007817
0.966806 0.079879 0.031559 0.954050 0.001751 0.894523 0.946381 0.010697 0.011608 0.943844 0.109476 0.076023 0.983732 0.016442 0.008661 0.984002
0.957673 0.081013 0.051871 0.964803 0.004470 0.882935 0.913363 0.010394 0.012990 0.924369 0.139586 0.061784 0.976424 0.030454 0.008223 0.985455
0.955409 0.170256 0.024518 0.959018 0.003095 0.918551 0.938739 0.011479 0.013999 0.907270 0.060975 0.052295 0.994754 0.049078 0.006212 0.965941
0.942814 0.961746 0.078546 0.306012 0.008163 0.778740 0.943246 0.028137 0.939086 0.107593 0.022739 0.024913 0.987767 0.976252 0.049848 0.892930
0.956461 0.971457 0.060427 0.299143 0.010576 0.709820 0.965734 0.020087 0.955451 0.073057 0.032175 0.015300 0.988067 0.947453 0.149467 0.881998
0.955572 0.964254 0.045562 0.603975 0.017268 0.754936 0.963115 0.028823 0.925178 0.086933 0.038976 0.015275 0.987050 0.915171 0.221208 0.898062
0.965833 0.114035 0.052620 0.938177 0.002208 0.895986 0.949581 0.007824 0.029685 0.890149 0.153428 0.078271 0.986422 0.041634 0.006127 0.983466
0.935476 0.162356 0.040512 0.899842 0.003157 0.889311 0.961591 0.015213 0.026292 0.901812 0.074588 0.039830 0.984689 0.028180 0.006803 0.978006
0.977805 0.128347 0.029385 0.959342 0.003014 0.921687 0.939381 0.014087 0.019836 0.935227 0.162815 0.082115 0.976983 0.018510 0.008587 0.989870
0.944887 0.101529 0.033813 0.968214 0.001891 0.888401 0.948442 0.012138 0.023738 0.886718 0.087900 0.096084 0.987781 0.026852 0.005675 0.984756
0.005487 0.078319 0.989159 0.954339 0.946836 0.832760 0.024450 0.980910 0.035540 0.975144 0.187240 0.952647 0.028588 0.811484 0.050553 0.869627
0.972684 0.011598 0.019487 0.464976 0.019034 0.078343 0.969133 0.055454 0.023083 0.028402 0.904229 0.961989 0.947161 0.012482 0.136831 0.967858
0.984512 0.008155 0.010663 0.861278 0.014582 0.085992 0.958254 0.041468 0.033921 0.013056 0.941822 0.967896 0.950518 0.002761 0.715404 0.964003
0.973088 0.016018 0.005196 0.893208 0.015148 0.088214 0.948371 0.063209 0.014256 0.018871 0.922156 0.964531 0.959358 0.014289 0.772078 0.977627
0.978259 0.020662 0.021260 0.900238 0.015416 0.076749 0.945963 0.071360 0.026724 0.015155 0.910182 0.949909 0.901211 0.013421 0.671410 0.978270
0.023946 0.971769 0.978158 0.827055 0.934271 0.088435 0.020425 0.966044 0.976934 0.890326 0.035470 0.090318 0.018686 0.978892 0.787015 0.026542
0.035706 0.969464 0.992465 0.885677 0.956409 0.098731 0.031976 0.895656 0.981395 0.953376 0.057001 0.063320 0.051219 0.969664 0.810748 0.035468
0.022119 0.970603 0.982778 0.899999 0.955138 0.060374 0.035082 0.932942 0.966920 0.915519 0.072021 0.089918 0.015374 0.984627 0.884079 0.025632
0.045543 0.953560 0.966688 0.861430 0.909144 0.050295 0.007759 0.929865 0.979910 0.910839 0.033411 0.055534 0.018151 0.985624 0.734426 0.047531
0.967083 0.089878 0.024709 0.038028 0.010307 0.025849 0.963183 0.039984 0.954716 0.028549 0.721926 0.052132 0.975321 0.073978 0.915436 0.820053
0.949384 0.115217 0.020150 0.069191 0.015053 0.035688 0.920439 0.066784 0.942262 0.042479 0.649508 0.028572 0.970948 0.060585 0.930985 0.782403
0.092852 0.033517 0.118962 0.993579 0.021203 0.223646 0.041351 0.124046 0.032670 0.948625 0.060241 0.035844 0.032294 0.200761 0.035728 0.977069
0.057663 0.037235 0.113550 0.983301 0.066092 0.227797 0.025029 0.222134 0.056209 0.955245 0.031408 0.098380 0.040183 0.403364 0.034816 0.952034
0.976786 0.015938 0.012351 0.912192 0.017796 0.115594 0.973165 0.101523 0.019847 0.030294 0.931464 0.966151 0.932064 0.010250 0.812045 0.992395
0.031304 0.031438 0.069314 0.962854 0.941369 0.057806 0.037058 0.979664 0.021162 0.074509 0.924281 0.990192 0.009957 0.018519 0.922630 0.839917
0.028358 0.024683 0.110269 0.952244 0.937284 0.042692 0.023765 0.993887 0.033489 0.051614 0.922868 0.993401 0.007966 0.024683 0.921292 0.764430
0.912684 0.937814 0.055137 0.036391 0.906426 0.066410 0.930118 0.959939 0.933886 0.011403 0.971992 0.956587 0.957310 0.019482 0.978251 0.025631
0.938259 0.891148 0.062941 0.021776 0.911631 0.039051 0.951026 0.930598 0.888832 0.008994 0.953704 0.904294 0.961448 0.061063 0.985553 0.031005
