0.989446 0.999328 0.001251 0.999157 0.987502 0.000064 0.999238 0.998153 0.999391 0.999364 0.000121 0.999941 0.995729 0.000848 0.999519 0.003583 0.005643 0.994848 0.999985 0.953017 0.993597 0.998316 0.998104 0.999992 0.974510 0.019221 0.998764 0.999702 0.000209 0.062350 0.003682 0.000693 0.000622 0.000966 0.892972 0.000284 0.989323 0.002392 0.000424 0.031012 0.998493 0.065652 0.000300 0.997979 0.994607 0.990225 0.001056 0.051290 0.999915 0.000237 0.997793 0.000087 0.994722 0.000218 0.198202 0.003429 0.003833 0.004779 0.001988 0.000861 0.002055 0.966587 0.998897 0.001069
0.987106 0.999339 0.000574 0.999429 0.988020 0.000239 0.999460 0.998665 0.999372 0.999473 0.000093 0.999964 0.996796 0.001532 0.999186 0.002412 0.006999 0.991645 0.999979 0.903857 0.987923 0.993563 0.997605 0.999987 0.893922 0.026407 0.998868 0.999181 0.000162 0.051491 0.004108 0.000442 0.001122 0.001936 0.839846 0.000182 0.980196 0.003642 0.000549 0.054040 0.997148 0.091350 0.000175 0.998812 0.992110 0.990794 0.002168 0.108851 0.999955 0.000143 0.998757 0.000261 0.993016 0.000380 0.216675 0.002573 0.005355 0.016182 0.001620 0.001266 0.002067 0.983476 0.997893 0.001112
0.989383 0.996673 0.001210 0.998919 0.983875 0.000127 0.999680 0.999354 0.996564 0.998239 0.000193 0.999712 0.997089 0.001973 0.998530 0.006792 0.011221 0.988643 0.999858 0.953187 0.987159 0.997353 0.998487 0.999969 0.913755 0.064312 0.999003 0.999065 0.000235 0.125956 0.003636 0.004557 0.000587 0.001534 0.828358 0.000148 0.983210 0.003047 0.000626 0.037217 0.996719 0.071682 0.000157 0.998481 0.992992 0.996194 0.003731 0.032012 0.999912 0.000197 0.997455 0.000429 0.991217 0.000472 0.213052 0.003191 0.005485 0.006598 0.000966 0.003326 0.001883 0.975025 0.995720 0.002085
0.992500 0.996942 0.001309 0.997998 0.986391 0.000543 0.998685 0.999174 0.995719 0.996920 0.000295 0.999760 0.993337 0.004633 0.998854 0.008159 0.028860 0.991111 0.999881 0.946996 0.984595 0.996638 0.997940 0.999882 0.905832 0.044243 0.998526 0.999011 0.000635 0.300791 0.012846 0.004554 0.001596 0.006796 0.853897 0.000337 0.959707 0.003362 0.001983 0.052494 0.998812 0.181707 0.000372 0.998418 0.979220 0.990656 0.002172 0.034558 0.999643 0.000769 0.996283 0.001251 0.987034 0.000626 0.061454 0.004496 0.005151 0.006423 0.001465 0.000614 0.003823 0.941050 0.995814 0.006722
0.990948 0.997317 0.001850 0.998762 0.983213 0.000199 0.998689 0.998921 0.998382 0.997543 0.000342 0.999802 0.996677 0.001002 0.999167 0.006835 0.008994 0.994844 0.999780 0.930700 0.981194 0.998085 0.997321 0.999953 0.915020 0.015112 0.998171 0.998070 0.000267 0.127563 0.004628 0.002337 0.000866 0.001857 0.865766 0.000153 0.987713 0.001993 0.000632 0.080605 0.998682 0.081106 0.000260 0.998251 0.992588 0.988738 0.001779 0.023691 0.999791 0.000359 0.994513 0.000351 0.985126 0.000877 0.499067 0.002164 0.002972 0.004540 0.001218 0.002590 0.002339 0.975619 0.997168 0.002969
0.994099 0.998317 0.000965 0.999573 0.990560 0.000172 0.999524 0.998849 0.998520 0.999235 0.000343 0.999924 0.997183 0.001344 0.998974 0.002609 0.009975 0.997591 0.999918 0.909972 0.976777 0.996559 0.998104 0.999975 0.913724 0.048290 0.999453 0.998900 0.000190 0.153814 0.003225 0.002286 0.000795 0.002782 0.868227 0.000117 0.988141 0.002310 0.000162 0.059343 0.991792 0.050807 0.000078 0.999228 0.996700 0.991426 0.002271 0.026763 0.999956 0.000180 0.997364 0.000541 0.993752 0.000399 0.277544 0.001502 0.006661 0.008627 0.000697 0.002284 0.001773 0.985955 0.997489 0.001220
0.987631 0.999356 0.001887 0.999585 0.990785 0.000077 0.999277 0.999227 0.998610 0.999023 0.000426 0.999928 0.997184 0.001247 0.999118 0.004265 0.006351 0.998473 0.999963 0.952740 0.985267 0.997674 0.998743 0.999986 0.931263 0.021909 0.999046 0.999722 0.000227 0.100958 0.004441 0.000995 0.000533 0.001486 0.927401 0.000110 0.989407 0.001531 0.000608 0.037632 0.997740 0.139441 0.000126 0.997501 0.993541 0.993854 0.000994 0.047258 0.999890 0.000674 0.997765 0.000191 0.988409 0.000318 0.269768 0.002781 0.004435 0.003434 0.001248 0.002040 0.001972 0.984829 0.998475 0.002994
0.992513 0.996695 0.001891 0.998501 0.973006 0.000484 0.998323 0.999597 0.996808 0.995722 0.000627 0.999700 0.993291 0.004116 0.999553 0.008791 0.021954 0.994986 0.999601 0.886606 0.977080 0.996142 0.998111 0.999936 0.909018 0.051172 0.999029 0.998770 0.000715 0.387359 0.017767 0.004742 0.000596 0.004971 0.750874 0.000144 0.989624 0.002097 0.001572 0.076311 0.997848 0.141479 0.000115 0.998061 0.991480 0.983157 0.001759 0.028972 0.999749 0.000296 0.995575 0.000636 0.981881 0.001180 0.230748 0.003433 0.009419 0.004154 0.001147 0.001758 0.005158 0.960342 0.990607 0.008276
0.990039 0.998208 0.001551 0.998472 0.978736 0.000360 0.998909 0.998774 0.998414 0.998671 0.000183 0.999766 0.990740 0.001179 0.999452 0.015885 0.009142 0.990096 0.999936 0.954629 0.986061 0.995005 0.995851 0.999965 0.910193 0.020616 0.998997 0.999356 0.000351 0.209304 0.010674 0.001076 0.000880 0.001286 0.751891 0.000480 0.963647 0.002422 0.001769 0.049739 0.998676 0.075192 0.000639 0.995918 0.993298 0.989112 0.002972 0.038488 0.999832 0.000442 0.996948 0.000248 0.995643 0.000121 0.130977 0.007295 0.002935 0.010304 0.001732 0.001007 0.002304 0.967573 0.998477 0.004187
0.988170 0.996249 0.000890 0.996905 0.960309 0.000378 0.997613 0.998945 0.995127 0.996288 0.000431 0.999668 0.995884 0.003181 0.999281 0.011114 0.033353 0.992701 0.999695 0.933446 0.988413 0.996212 0.999093 0.999870 0.946579 0.034899 0.998634 0.999422 0.001161 0.502661 0.016912 0.004510 0.000524 0.006920 0.776052 0.000122 0.982872 0.003472 0.001965 0.031568 0.998563 0.233150 0.000177 0.998337 0.990170 0.990156 0.002256 0.028256 0.999692 0.000776 0.995945 0.000942 0.988207 0.000383 0.078019 0.003406 0.004838 0.003469 0.002305 0.001024 0.008216 0.959680 0.989789 0.005870
0.008991 0.999426 0.999979 0.999809 0.996989 0.000940 0.001563 0.000145 0.993596 0.999514 0.992560 0.999204 0.001020 0.003390 0.000348 0.058961 0.996314 0.997730 0.999619 0.817139 0.005486 0.000049 0.004978 0.996540 0.998948 0.000767 0.001177 0.322506 0.000789 0.006254 0.015165 0.001714 0.987382 0.008791 0.985226 0.923708 0.004495 0.995398 0.000566 0.904528 0.004822 0.009624 0.999123 0.000415 0.006253 0.001562 0.373152 0.999121 0.009834 0.999763 0.000553 0.000151 0.006844 0.004937 0.999516 0.990013 0.998769 0.997706 0.996756 0.993446 0.806228 0.997204 0.998808 0.993970
0.019180 0.999385 0.999957 0.999555 0.989044 0.002052 0.000930 0.000123 0.989909 0.999189 0.987265 0.999263 0.000684 0.005130 0.000888 0.046372 0.997203 0.997362 0.999276 0.837259 0.003557 0.000025 0.002840 0.995685 0.998839 0.000939 0.001363 0.334353 0.002151 0.004993 0.013785 0.003801 0.993220 0.007303 0.982730 0.972417 0.003111 0.994772 0.000360 0.915827 0.002883 0.007805 0.999197 0.000477 0.004451 0.001891 0.497900 0.999207 0.017752 0.999674 0.000526 0.000354 0.004712 0.004997 0.999730 0.996066 0.998740 0.996667 0.995610 0.987446 0.889256 0.994710 0.999053 0.996288
0.007898 0.999565 0.999964 0.999708 0.995181 0.001666 0.000650 0.000107 0.991700 0.999680 0.989168 0.999623 0.000473 0.004009 0.001060 0.040185 0.996542 0.997712 0.999393 0.849945 0.008225 0.000038 0.004442 0.996428 0.999095 0.000388 0.000615 0.395878 0.001164 0.001622 0.019419 0.001737 0.993132 0.004153 0.976374 0.979396 0.002673 0.995370 0.000574 0.913262 0.003409 0.008243 0.999521 0.000542 0.010698 0.002086 0.512506 0.999351 0.022727 0.999730 0.000753 0.000135 0.007016 0.005852 0.999549 0.992693 0.998940 0.998197 0.994924 0.993936 0.910824 0.996601 0.999693 0.991697
0.010597 0.998526 0.999939 0.998839 0.979374 0.001985 0.000743 0.000109 0.988167 0.998609 0.986358 0.998870 0.001103 0.018684 0.001366 0.114646 0.991790 0.991472 0.996947 0.789258 0.004984 0.000025 0.005731 0.988684 0.998904 0.002176 0.000389 0.298528 0.005251 0.007130 0.026195 0.009522 0.991431 0.006955 0.981960 0.960272 0.006081 0.994725 0.003936 0.916403 0.006937 0.016965 0.999429 0.000536 0.005619 0.002083 0.530995 0.999511 0.035077 0.999774 0.000570 0.000363 0.004350 0.012415 0.998990 0.993902 0.998992 0.999259 0.996570 0.995555 0.907813 0.996351 0.998085 0.993384
0.010631 0.997777 0.999740 0.999294 0.994672 0.000727 0.000799 0.000180 0.993276 0.999727 0.989565 0.999201 0.000328 0.009474 0.005142 0.147554 0.992141 0.995350 0.999480 0.863615 0.025866 0.000151 0.006432 0.994988 0.997102 0.003193 0.001410 0.252712 0.001167 0.008901 0.025315 0.008229 0.991109 0.003583 0.984961 0.966837 0.004002 0.986230 0.003094 0.781986 0.022053 0.007386 0.999354 0.001959 0.012131 0.003018 0.273428 0.998785 0.013282 0.999702 0.002095 0.000170 0.004349 0.006468 0.997969 0.981033 0.997390 0.997708 0.993248 0.983645 0.947767 0.991157 0.999586 0.987291
0.012004 0.999548 0.999924 0.999644 0.991106 0.002615 0.001372 0.000308 0.990953 0.999261 0.983636 0.998405 0.000913 0.013619 0.000991 0.124457 0.993379 0.990120 0.998785 0.818486 0.014221 0.000071 0.004001 0.998154 0.997473 0.000826 0.000903 0.578655 0.001779 0.004465 0.014300 0.004358 0.980902 0.004291 0.982184 0.956795 0.007404 0.995244 0.001369 0.938930 0.004290 0.007805 0.999661 0.000635 0.005485 0.002062 0.630387 0.999121 0.021406 0.999435 0.000706 0.000259 0.007855 0.018182 0.998650 0.986738 0.998242 0.997302 0.996586 0.992666 0.747249 0.992605 0.999321 0.991874
0.012173 0.999703 0.999971 0.999733 0.997949 0.000503 0.003228 0.000103 0.994601 0.999916 0.990127 0.999607 0.002480 0.006359 0.000805 0.111582 0.996790 0.998001 0.999734 0.704613 0.008361 0.000038 0.008399 0.998415 0.999051 0.000851 0.001174 0.684729 0.000660 0.013330 0.008625 0.002731 0.969788 0.007162 0.993464 0.926027 0.011645 0.991040 0.000268 0.875999 0.005935 0.005993 0.998061 0.001545 0.005291 0.003328 0.417950 0.999364 0.026486 0.999551 0.001025 0.000095 0.009730 0.005426 0.999580 0.992869 0.996992 0.996989 0.995364 0.987291 0.476492 0.998513 0.999079 0.985965
0.010027 0.999457 0.999939 0.999925 0.992392 0.000697 0.000981 0.000078 0.993192 0.999416 0.984397 0.999652 0.000236 0.004812 0.001210 0.024943 0.996524 0.998642 0.999742 0.769884 0.008234 0.000059 0.003437 0.998635 0.999536 0.001318 0.001839 0.253406 0.001002 0.003421 0.016200 0.001348 0.991218 0.002783 0.992134 0.966417 0.003983 0.995093 0.000172 0.948873 0.004371 0.003234 0.999580 0.000357 0.003356 0.001030 0.326526 0.999178 0.012347 0.999532 0.000239 0.000083 0.004145 0.002180 0.999579 0.992417 0.998511 0.996017 0.998545 0.991742 0.905116 0.995963 0.999426 0.986648
0.008717 0.999571 0.999969 0.999570 0.987661 0.001488 0.001348 0.000105 0.991200 0.998775 0.993706 0.998524 0.000506 0.018544 0.001070 0.158161 0.998388 0.997573 0.999582 0.903331 0.002456 0.000013 0.003170 0.996742 0.997565 0.001564 0.000458 0.300829 0.001554 0.006924 0.012476 0.004796 0.994245 0.004296 0.989745 0.965381 0.004635 0.995751 0.001908 0.964707 0.002576 0.007720 0.999832 0.000378 0.003712 0.001639 0.692974 0.999472 0.010956 0.999602 0.000327 0.000252 0.005746 0.005444 0.999735 0.995181 0.999235 0.998581 0.997764 0.993347 0.814365 0.997312 0.998218 0.998287
0.007597 0.999416 0.999889 0.999648 0.995265 0.001014 0.000722 0.000117 0.994595 0.999671 0.984599 0.999681 0.001085 0.004038 0.002034 0.082961 0.991238 0.996740 0.999625 0.656366 0.006637 0.000052 0.011576 0.998207 0.999112 0.001069 0.000945 0.328133 0.001807 0.008480 0.012000 0.005115 0.992835 0.003500 0.985163 0.948194 0.002631 0.984785 0.000760 0.937253 0.007672 0.013282 0.999414 0.000633 0.002936 0.001486 0.348807 0.999439 0.021293 0.999430 0.000518 0.000189 0.007776 0.002772 0.999239 0.994124 0.997774 0.998224 0.997197 0.992445 0.808477 0.997558 0.998725 0.993951
0.991990 0.006952 0.996921 0.001239 0.006002 0.998183 0.004227 0.002075 0.000876 0.002635 0.994412 0.000803 0.937115 0.993829 0.007541 0.998882 0.094337 0.001607 0.004089 0.002232 0.003091 0.002879 0.014044 0.060904 0.997394 0.999596 0.002547 0.003161 0.996015 0.998931 0.011463 0.990429 0.996417 0.754653 0.997934 0.996764 0.987569 0.998755 0.981112 0.005131 0.001268 0.494654 0.996139 0.000631 0.000404 0.017573 0.998839 0.997422 0.033654 0.994366 0.000824 0.990680 0.002673 0.983073 0.889045 0.991628 0.002041 0.992755 0.998326 0.998899 0.932117 0.985595 0.004265 0.997774
0.996373 0.005027 0.995317 0.000994 0.006029 0.998066 0.004099 0.002786 0.001762 0.001698 0.994721 0.000911 0.961957 0.996285 0.003868 0.998518 0.131826 0.000674 0.002935 0.002042 0.001535 0.002280 0.019658 0.042623 0.997878 0.999652 0.006136 0.006688 0.998469 0.998758 0.007298 0.994468 0.996830 0.781506 0.998526 0.996884 0.988940 0.998922 0.982584 0.012445 0.000706 0.357369 0.992401 0.000521 0.000621 0.032885 0.998377 0.997016 0.056462 0.990661 0.000637 0.995645 0.004415 0.979985 0.955427 0.991697 0.002730 0.986006 0.998342 0.998530 0.939895 0.988867 0.001376 0.996705
0.987905 0.004998 0.995537 0.002595 0.006626 0.998224 0.002937 0.001405 0.001644 0.003208 0.994551 0.000684 0.889950 0.990803 0.005502 0.998673 0.108586 0.001678 0.006379 0.002520 0.003478 0.004671 0.011655 0.053046 0.998163 0.999642 0.006341 0.003105 0.998237 0.997694 0.012180 0.987215 0.997700 0.548069 0.997280 0.995920 0.980466 0.998873 0.978148 0.008098 0.002898 0.408345 0.995873 0.000783 0.000206 0.018454 0.999118 0.997119 0.028753 0.988673 0.001408 0.990594 0.002585 0.982087 0.891403 0.989523 0.004339 0.993591 0.998522 0.998609 0.920279 0.988406 0.006711 0.996798
0.982340 0.003217 0.991174 0.001094 0.001302 0.999138 0.018502 0.001909 0.001668 0.001237 0.994738 0.000530 0.873042 0.995291 0.004485 0.998672 0.287387 0.000730 0.000828 0.002633 0.001040 0.001134 0.022060 0.017591 0.992924 0.999243 0.005945 0.009141 0.998347 0.998380 0.019119 0.994890 0.992145 0.801053 0.995868 0.997400 0.965147 0.997869 0.989806 0.062098 0.000903 0.404410 0.994492 0.001525 0.000402 0.056174 0.999350 0.993632 0.036291 0.982671 0.001692 0.997368 0.007252 0.984772 0.973824 0.988717 0.030948 0.994188 0.989455 0.998865 0.921030 0.976646 0.000823 0.993490
0.989082 0.005301 0.995218 0.002238 0.004549 0.997546 0.009594 0.001244 0.000982 0.000970 0.992635 0.000518 0.898133 0.995637 0.002862 0.998018 0.217741 0.001473 0.002037 0.002797 0.000713 0.000560 0.016487 0.039006 0.996135 0.999548 0.003081 0.005223 0.997540 0.998604 0.008882 0.994428 0.997246 0.821811 0.997441 0.996024 0.977010 0.998445 0.977954 0.026807 0.000852 0.481805 0.996658 0.001470 0.000472 0.059871 0.997200 0.996978 0.024169 0.996084 0.001145 0.992081 0.002147 0.984021 0.972904 0.979599 0.014210 0.992454 0.998277 0.998910 0.958627 0.989250 0.001090 0.997723
0.012699 0.061675 0.008299 0.078181 0.988664 0.998550 0.015022 0.033278 0.938654 0.992395 0.982278 0.143719 0.001410 0.991899 0.992258 0.986707 0.008051 0.000864 0.091078 0.001580 0.991653 0.164796 0.969185 0.468364 0.062000 0.310397 0.028380 0.013066 0.966722 0.996638 0.945861 0.997164 0.959607 0.056123 0.048235 0.995394 0.028750 0.333075 0.995470 0.776821 0.996832 0.988377 0.973419 0.995849 0.004682 0.734423 0.001156 0.961851 0.070163 0.991824 0.986630 0.012631 0.001966 0.984820 0.055691 0.005165 0.975064 0.965071 0.999144 0.016426 0.908585 0.001943 0.993732 0.005669
0.003396 0.009172 0.001472 0.089954 0.969157 0.995671 0.016383 0.016952 0.971271 0.998054 0.966558 0.609146 0.000190 0.995254 0.998632 0.990652 0.004200 0.003271 0.288489 0.359351 0.998366 0.094498 0.985621 0.927062 0.110314 0.776492 0.083301 0.019641 0.984991 0.995535 0.983152 0.992977 0.985737 0.046891 0.014316 0.997821 0.023671 0.319937 0.996205 0.931594 0.998835 0.981352 0.977086 0.994978 0.004654 0.961148 0.001968 0.994152 0.083214 0.993907 0.987927 0.000755 0.007562 0.986163 0.006462 0.000986 0.981337 0.984545 0.997895 0.006976 0.983921 0.001120 0.998207 0.004735
0.013092 0.054620 0.012220 0.088468 0.989562 0.997796 0.013212 0.033647 0.939188 0.993691 0.988663 0.121820 0.001701 0.993084 0.995626 0.985794 0.011240 0.000902 0.071705 0.001651 0.991920 0.183576 0.965277 0.461417 0.044528 0.216274 0.022664 0.016170 0.945761 0.996058 0.957533 0.996823 0.961910 0.060148 0.038404 0.995056 0.023747 0.408744 0.992337 0.667906 0.997966 0.988460 0.982479 0.996487 0.004451 0.586985 0.000884 0.963328 0.070065 0.995337 0.982342 0.008879 0.001737 0.988003 0.041776 0.003778 0.985202 0.972219 0.999100 0.019592 0.930849 0.001534 0.995851 0.012319
0.004468 0.033134 0.004792 0.071137 0.957088 0.996754 0.015550 0.091468 0.979394 0.999136 0.979991 0.518650 0.000270 0.986175 0.996433 0.991928 0.005512 0.008565 0.641461 0.195163 0.995486 0.042549 0.938867 0.869722 0.168619 0.544597 0.069938 0.020384 0.971107 0.994889 0.987340 0.990673 0.982991 0.036444 0.016472 0.996664 0.029374 0.752971 0.993761 0.898960 0.997452 0.978526 0.983639 0.996244 0.003326 0.900104 0.003078 0.991987 0.033015 0.993785 0.983073 0.000668 0.007522 0.982019 0.009724 0.002668 0.986062 0.992385 0.996960 0.013035 0.972562 0.002602 0.998714 0.011963
0.012140 0.010586 0.004678 0.040802 0.969990 0.997786 0.016621 0.060312 0.948663 0.999320 0.982981 0.381082 0.001079 0.986988 0.998145 0.989843 0.009277 0.001980 0.325467 0.036913 0.994575 0.056803 0.914190 0.643416 0.056277 0.577760 0.071422 0.008778 0.976497 0.995559 0.977352 0.996750 0.991514 0.031088 0.030643 0.994690 0.031507 0.389920 0.994608 0.884774 0.998147 0.967733 0.991488 0.994274 0.002457 0.947930 0.001679 0.990531 0.051743 0.996509 0.969792 0.001790 0.012818 0.981619 0.029039 0.003120 0.987974 0.987741 0.998634 0.017153 0.974737 0.002528 0.997334 0.015900
0.004609 0.002307 0.998926 0.039463 0.000718 0.007847 0.002194 0.002357 0.049047 0.000419 0.994740 0.004813 0.001296 0.997721 0.010712 0.004876 0.975760 0.975990 0.011023 0.992729 0.981605 0.967215 0.007116 0.000995 0.010316 0.008636 0.997429 0.002722 0.906372 0.001427 0.993534 0.020464 0.996620 0.996563 0.000668 0.974982 0.004072 0.997565 0.992919 0.993508 0.020137 0.987484 0.993950 0.001418 0.991376 0.000562 0.954557 0.004415 0.014640 0.996868 0.001766 0.995760 0.673909 0.984136 0.160337 0.548176 0.994874 0.001696 0.883046 0.996122 0.995899 0.000472 0.008779 0.996264
0.003962 0.002867 0.998719 0.034516 0.000523 0.014000 0.002673 0.002938 0.049725 0.000423 0.993350 0.003304 0.001926 0.997952 0.013303 0.006060 0.979684 0.964961 0.012408 0.989726 0.982074 0.985225 0.009393 0.001096 0.006689 0.014658 0.998406 0.002222 0.917387 0.001003 0.996622 0.017279 0.995632 0.997817 0.001086 0.980909 0.004785 0.996816 0.993738 0.990768 0.042633 0.988113 0.994789 0.001203 0.994400 0.001022 0.969573 0.002145 0.015805 0.996515 0.002455 0.996639 0.729440 0.987783 0.160225 0.596539 0.995882 0.001962 0.882368 0.996229 0.995389 0.000433 0.007858 0.997368
0.004260 0.003355 0.998684 0.033987 0.000557 0.016717 0.002119 0.002067 0.030548 0.000473 0.993710 0.003425 0.001426 0.997470 0.014358 0.005318 0.978691 0.982313 0.010360 0.991772 0.983110 0.986696 0.011171 0.001136 0.007269 0.012012 0.998360 0.003842 0.922080 0.001111 0.997550 0.027946 0.995977 0.997143 0.000645 0.975891 0.007122 0.995411 0.994175 0.989880 0.035338 0.989345 0.991453 0.001184 0.993712 0.001232 0.977728 0.002046 0.019184 0.995767 0.001776 0.997164 0.771966 0.987458 0.148162 0.521340 0.997476 0.001522 0.836359 0.995025 0.994683 0.000575 0.013859 0.997647
0.003263 0.004757 0.999506 0.040434 0.000681 0.014513 0.002956 0.001808 0.055377 0.000352 0.995316 0.004185 0.002442 0.998039 0.008499 0.005848 0.981736 0.977820 0.010106 0.988129 0.974534 0.987850 0.008965 0.001086 0.008368 0.007935 0.994851 0.002363 0.943128 0.000788 0.993353 0.026050 0.996343 0.997546 0.001244 0.984274 0.006227 0.996923 0.988900 0.994489 0.031539 0.991299 0.993283 0.001009 0.993232 0.000948 0.976234 0.003753 0.015554 0.997011 0.001930 0.997879 0.711170 0.988417 0.214612 0.664356 0.996742 0.003424 0.870985 0.997837 0.994440 0.000550 0.014334 0.998492
0.003914 0.002411 0.999448 0.060288 0.000604 0.009888 0.001935 0.001141 0.044393 0.000501 0.991598 0.003180 0.001732 0.998122 0.013205 0.004198 0.976245 0.962780 0.009773 0.991536 0.982514 0.976278 0.010407 0.001195 0.007068 0.009859 0.996163 0.002972 0.920594 0.000804 0.994008 0.027781 0.995869 0.997040 0.000564 0.972610 0.005321 0.997895 0.990951 0.989088 0.014818 0.992094 0.994386 0.001415 0.988271 0.000815 0.973941 0.003346 0.014979 0.997770 0.001556 0.995435 0.642179 0.989370 0.215494 0.500755 0.995460 0.002479 0.932423 0.996550 0.995806 0.000461 0.010726 0.996544
0.725532 0.996369 0.996142 0.007233 0.995193 0.991244 0.992165 0.991162 0.126029 0.969854 0.984559 0.643378 0.997974 0.211255 0.017998 0.999049 0.980116 0.281916 0.011810 0.797541 0.003639 0.000166 0.291710 0.011369 0.020527 0.015187 0.000199 0.985349 0.690760 0.981571 0.976829 0.987262 0.021012 0.992965 0.182735 0.021136 0.096690 0.006360 0.996649 0.979373 0.033659 0.672274 0.276619 0.996457 0.984483 0.998341 0.982500 0.828650 0.991902 0.988009 0.937658 0.994276 0.996257 0.995282 0.985951 0.993701 0.995100 0.998197 0.018409 0.888036 0.091316 0.979798 0.342811 0.999118
0.451674 0.995325 0.997957 0.015013 0.988807 0.994843 0.993341 0.991104 0.046996 0.988687 0.992870 0.550940 0.992060 0.394809 0.011306 0.999179 0.997165 0.201373 0.004929 0.833706 0.001644 0.000030 0.108759 0.016644 0.014545 0.004980 0.000511 0.995553 0.832675 0.995079 0.993790 0.984620 0.005778 0.995863 0.049378 0.003722 0.017338 0.001589 0.997088 0.991099 0.010108 0.620294 0.026691 0.996978 0.995166 0.993484 0.995143 0.977616 0.716312 0.994783 0.981780 0.993140 0.994108 0.988379 0.996456 0.996235 0.997474 0.994644 0.007365 0.756053 0.029394 0.986131 0.135440 0.999446
0.737014 0.991299 0.998626 0.015485 0.984367 0.995789 0.997714 0.992535 0.020564 0.985705 0.982400 0.514932 0.998673 0.408128 0.008872 0.999892 0.993330 0.141537 0.021044 0.513308 0.000337 0.000056 0.060676 0.017353 0.010003 0.013250 0.000379 0.993303 0.724663 0.988832 0.988120 0.979610 0.005275 0.993032 0.075854 0.002887 0.031428 0.001303 0.994666 0.984043 0.015237 0.399062 0.017090 0.996394 0.982688 0.988178 0.977840 0.987304 0.767176 0.986669 0.982670 0.996520 0.989327 0.986251 0.995113 0.994827 0.998359 0.996272 0.008660 0.857477 0.008580 0.983860 0.053189 0.999083
0.808307 0.992716 0.996678 0.030415 0.984348 0.986228 0.977351 0.965226 0.760085 0.777015 0.988829 0.481618 0.995699 0.755836 0.007211 0.998871 0.982540 0.044447 0.032670 0.724422 0.002905 0.000617 0.343538 0.015278 0.050008 0.016834 0.000380 0.954195 0.548116 0.892425 0.916605 0.961061 0.066656 0.987990 0.596523 0.024838 0.337380 0.006193 0.995620 0.969780 0.008438 0.289335 0.348190 0.987256 0.935982 0.967335 0.972724 0.921853 0.997427 0.989195 0.852798 0.996231 0.990324 0.979050 0.991208 0.996293 0.993084 0.998951 0.042246 0.968886 0.114911 0.986301 0.530602 0.998364
0.400904 0.993451 0.997666 0.013999 0.983684 0.989540 0.994829 0.996459 0.037007 0.990481 0.994123 0.521315 0.992745 0.484757 0.018819 0.999419 0.995101 0.180221 0.006975 0.842412 0.002310 0.000056 0.075029 0.014486 0.015457 0.005015 0.000846 0.994842 0.833911 0.994639 0.992471 0.988173 0.004511 0.995439 0.043885 0.004272 0.024413 0.001552 0.998104 0.984011 0.012982 0.639051 0.022455 0.998582 0.995752 0.992135 0.995116 0.974004 0.654397 0.991789 0.986100 0.989109 0.995151 0.991941 0.995769 0.995638 0.996360 0.992306 0.005679 0.728825 0.029149 0.990276 0.134325 0.998910
0.053128 0.026681 0.004900 0.028768 0.001007 0.997791 0.998650 0.640439 0.160703 0.010273 0.005142 0.054803 0.996025 0.989233 0.014811 0.089428 0.002676 0.000329 0.006572 0.002433 0.966419 0.993967 0.992085 0.024386 0.006929 0.992181 0.440371 0.006595 0.996384 0.015829 0.006459 0.991416 0.995346 0.980649 0.004072 0.992834 0.997480 0.995556 0.024772 0.966292 0.002292 0.996684 0.000689 0.985237 0.471943 0.994722 0.984529 0.000894 0.962315 0.004071 0.997328 0.996826 0.991579 0.979783 0.006993 0.081447 0.925832 0.996898 0.001334 0.991064 0.001386 0.017698 0.212282 0.020540
0.042437 0.025031 0.002030 0.024476 0.000507 0.998199 0.999148 0.601603 0.085585 0.010240 0.001349 0.077762 0.998067 0.995249 0.012403 0.055827 0.002022 0.000654 0.003868 0.001454 0.986498 0.997894 0.994909 0.018811 0.002231 0.996600 0.376807 0.006732 0.996840 0.004708 0.003437 0.992218 0.997385 0.991913 0.002052 0.994311 0.997101 0.992941 0.055399 0.980396 0.010111 0.996810 0.000464 0.993099 0.395440 0.998993 0.985890 0.001444 0.953047 0.001181 0.997246 0.997787 0.991236 0.986917 0.004923 0.029518 0.896235 0.994708 0.000738 0.996633 0.002025 0.010698 0.247470 0.013059
0.041496 0.034139 0.006556 0.023025 0.001534 0.999343 0.999242 0.738893 0.222232 0.007570 0.005576 0.038732 0.994988 0.981892 0.021645 0.108896 0.005299 0.000891 0.004168 0.004406 0.933207 0.995304 0.987311 0.009139 0.004521 0.988630 0.589855 0.005865 0.997590 0.016348 0.014537 0.986543 0.994291 0.973269 0.001165 0.996093 0.995358 0.991102 0.243617 0.991707 0.011303 0.988255 0.000706 0.990875 0.633713 0.996885 0.989250 0.001129 0.954461 0.002378 0.995150 0.999032 0.987097 0.979001 0.008308 0.199174 0.617561 0.991444 0.002636 0.985627 0.003421 0.013666 0.158440 0.022449
0.035737 0.023327 0.001674 0.011305 0.000436 0.998827 0.999302 0.609579 0.190092 0.009006 0.000672 0.058749 0.996764 0.996008 0.020085 0.162385 0.002157 0.000489 0.002667 0.003747 0.978955 0.998254 0.991023 0.005548 0.001884 0.998249 0.541731 0.003466 0.996020 0.007581 0.008003 0.992938 0.994534 0.992800 0.001804 0.996293 0.996603 0.994810 0.125128 0.971302 0.018230 0.994833 0.000651 0.994314 0.708724 0.997567 0.992865 0.000334 0.962765 0.001450 0.997607 0.998255 0.984709 0.990264 0.001907 0.048015 0.915595 0.996051 0.001335 0.993101 0.002941 0.019767 0.255636 0.006772
0.043202 0.018247 0.009235 0.056417 0.002837 0.998165 0.997358 0.800359 0.370284 0.024348 0.004724 0.096461 0.997525 0.997521 0.027303 0.092665 0.004459 0.001900 0.013349 0.002888 0.968534 0.993379 0.992377 0.016828 0.004385 0.995810 0.584157 0.005237 0.992106 0.025408 0.012163 0.977535 0.998021 0.972454 0.003623 0.992675 0.995206 0.996288 0.072272 0.985377 0.021308 0.997379 0.000476 0.980172 0.209358 0.995313 0.947700 0.001291 0.959447 0.005678 0.995511 0.995832 0.989849 0.977255 0.005530 0.084603 0.925130 0.994552 0.002182 0.983603 0.004270 0.063077 0.084236 0.014485
0.993563 0.001721 0.011322 0.002288 0.913111 0.993994 0.006145 0.995688 0.007115 0.001528 0.988787 0.002417 0.993867 0.999342 0.986512 0.011064 0.398205 0.927801 0.004324 0.020799 0.001703 0.994530 0.979068 0.001889 0.014465 0.995581 0.956599 0.015247 0.990026 0.997509 0.997665 0.992134 0.007103 0.980272 0.986484 0.000932 0.997815 0.049560 0.997194 0.079550 0.999656 0.990275 0.000272 0.997524 0.227968 0.263217 0.011232 0.017269 0.343572 0.003544 0.004096 0.997249 0.003836 0.998480 0.932018 0.003320 0.011901 0.001100 0.006018 0.039388 0.995691 0.953964 0.001208 0.998734
0.996211 0.001190 0.010586 0.003032 0.927648 0.994799 0.006335 0.997043 0.009902 0.001882 0.987380 0.002220 0.992923 0.999265 0.992825 0.014654 0.347042 0.905376 0.007874 0.015323 0.002069 0.994294 0.977529 0.002377 0.011295 0.996236 0.961067 0.016456 0.987416 0.998112 0.996085 0.991561 0.006863 0.970842 0.991359 0.000683 0.997938 0.039434 0.997384 0.065089 0.999727 0.989547 0.000199 0.998225 0.207363 0.284532 0.009171 0.025169 0.386128 0.002308 0.004288 0.995883 0.003625 0.998412 0.925988 0.002173 0.013736 0.001219 0.007968 0.035538 0.994714 0.951789 0.001135 0.998175
0.996100 0.002507 0.011952 0.003443 0.890358 0.993156 0.007351 0.996590 0.015896 0.001340 0.988211 0.002588 0.994890 0.999313 0.991553 0.019702 0.359202 0.932679 0.005831 0.013224 0.001344 0.993726 0.983693 0.002425 0.014138 0.995454 0.967480 0.017536 0.985285 0.998085 0.998013 0.991116 0.007425 0.972429 0.987987 0.000653 0.998595 0.040632 0.996600 0.124197 0.999454 0.987275 0.000318 0.998380 0.359712 0.271072 0.010033 0.014214 0.399286 0.002188 0.005771 0.996334 0.006617 0.998174 0.931267 0.002366 0.024281 0.001964 0.008154 0.035739 0.994889 0.925142 0.001041 0.998451
0.997572 0.001917 0.012034 0.002032 0.886697 0.995611 0.006596 0.997958 0.007842 0.001381 0.990616 0.001866 0.996380 0.999499 0.987337 0.012968 0.333616 0.871819 0.003987 0.013306 0.001020 0.994737 0.981602 0.002209 0.012980 0.996974 0.933850 0.017443 0.988984 0.997297 0.997608 0.993626 0.008718 0.975913 0.990726 0.000915 0.998725 0.048830 0.997522 0.104372 0.999433 0.992551 0.000169 0.997874 0.258499 0.354040 0.012745 0.016373 0.432439 0.001759 0.005243 0.997094 0.005888 0.998681 0.933450 0.002192 0.017462 0.002766 0.007884 0.037758 0.995644 0.936839 0.000695 0.998365
0.993784 0.001575 0.026656 0.002618 0.916837 0.974119 0.022251 0.987281 0.031472 0.019087 0.986598 0.008830 0.994538 0.999373 0.979409 0.017276 0.197532 0.936112 0.016568 0.044827 0.004203 0.984254 0.972766 0.034080 0.160030 0.991588 0.936748 0.031265 0.945502 0.998156 0.986707 0.976213 0.039463 0.643823 0.993393 0.011592 0.996595 0.322715 0.986810 0.083005 0.995740 0.986668 0.000185 0.996134 0.081002 0.347735 0.010510 0.020353 0.391950 0.004431 0.006568 0.984737 0.017956 0.985581 0.920083 0.002470 0.111617 0.004151 0.008894 0.061613 0.987852 0.903550 0.004557 0.999427
0.986746 0.004084 0.007801 0.004169 0.000316 0.997418 0.998327 0.999075 0.002433 0.000397 0.000107 0.001396 0.067776 0.003437 0.999262 0.999851 0.921222 0.000266 0.001276 0.992421 0.990429 0.997435 0.011137 0.002128 0.991952 0.997057 0.998485 0.997178 0.994455 0.990299 0.996329 0.980271 0.001701 0.997591 0.007091 0.985721 0.003890 0.083639 0.998502 0.051566 0.980530 0.006949 0.990863 0.028589 0.997275 0.995240 0.997048 0.027853 0.132768 0.001254 0.963184 0.999259 0.992975 0.001804 0.000779 0.993705 0.002302 0.001178 0.990960 0.004528 0.945524 0.000151 0.002529 0.000958
0.988413 0.006177 0.005932 0.004963 0.000682 0.997037 0.999145 0.999276 0.002151 0.000504 0.000070 0.002314 0.146461 0.001439 0.999568 0.999889 0.945197 0.000362 0.001563 0.990489 0.986039 0.996041 0.007458 0.002428 0.994807 0.997520 0.998738 0.997896 0.994465 0.995177 0.994152 0.977907 0.002638 0.997754 0.013045 0.982910 0.002546 0.054424 0.997844 0.027455 0.984610 0.004247 0.995469 0.030758 0.995979 0.994907 0.997644 0.035983 0.173803 0.001817 0.961001 0.999464 0.993323 0.001986 0.000545 0.994411 0.004552 0.001411 0.991012 0.003016 0.881036 0.000175 0.006820 0.001569
0.986170 0.005422 0.010509 0.008917 0.000569 0.998216 0.999020 0.999201 0.002434 0.000425 0.000166 0.002742 0.088130 0.002786 0.999187 0.999871 0.941610 0.000196 0.001908 0.992641 0.984635 0.992397 0.008358 0.001355 0.992015 0.994815 0.998905 0.997608 0.992893 0.996437 0.997738 0.970426 0.001749 0.997712 0.009328 0.987514 0.002413 0.066918 0.998091 0.032928 0.983444 0.003000 0.994868 0.025728 0.995956 0.993489 0.996599 0.027349 0.073899 0.001135 0.962629 0.999428 0.991366 0.002271 0.000711 0.994833 0.006644 0.001744 0.993458 0.003308 0.903119 0.000162 0.006050 0.001357
0.986313 0.003599 0.014882 0.006329 0.000640 0.997057 0.998410 0.999417 0.001070 0.000469 0.000199 0.001716 0.101020 0.002395 0.999094 0.999910 0.932651 0.000272 0.001491 0.992718 0.988591 0.994153 0.013998 0.002671 0.993762 0.996011 0.998887 0.998106 0.995566 0.996762 0.996655 0.983319 0.001546 0.996419 0.009471 0.980960 0.003771 0.074641 0.998411 0.027680 0.981180 0.006170 0.991328 0.032499 0.995226 0.994849 0.996992 0.028500 0.091291 0.002228 0.974799 0.999213 0.990497 0.001462 0.000542 0.994147 0.003590 0.001265 0.993286 0.003289 0.940735 0.000146 0.005542 0.001962
0.988255 0.009309 0.006750 0.008209 0.000188 0.995615 0.998738 0.999100 0.002096 0.000390 0.000127 0.001599 0.110792 0.001525 0.999023 0.999947 0.948063 0.000151 0.001417 0.992438 0.988811 0.996149 0.010339 0.002615 0.993972 0.996191 0.999171 0.998440 0.992692 0.990800 0.997012 0.977473 0.001573 0.997709 0.008825 0.984760 0.002389 0.067824 0.997649 0.026314 0.988132 0.002737 0.994452 0.027703 0.996188 0.990425 0.996728 0.033376 0.126462 0.001573 0.965278 0.999036 0.987768 0.001184 0.000494 0.995931 0.003277 0.001284 0.989755 0.003883 0.912420 0.000223 0.006925 0.001256
