0.998941 0.997724 0.993923 0.000138 0.939997 0.001745 0.028459 0.002405 0.998180 0.822133 0.991346 0.928735 0.013239 0.000544 0.004777 0.017469 0.005053 0.048259 0.950731 0.001914 0.989475 0.996027 0.996864 0.005250 0.998989 0.001975 0.994013 0.997845 0.001854 0.000061 0.984421 0.999877 0.002441 0.004964 0.984865 0.998205 0.999251 0.998492 0.007891 0.004464 0.003883 0.011633 0.001545 0.963523 0.999501 0.030358 0.009941 0.033328 0.000257 0.999856 0.003110 0.998603 0.000091 0.001617 0.000572 0.000751 0.999804 0.999081 0.999983 0.997092 0.017004 0.003052 0.007355 0.998941
0.998699 0.997602 0.992830 0.000356 0.927488 0.002350 0.039372 0.002662 0.997097 0.826603 0.986327 0.953658 0.013656 0.000885 0.003597 0.011060 0.005356 0.038861 0.917626 0.001133 0.990512 0.996699 0.994829 0.005664 0.999310 0.001832 0.994007 0.997440 0.001957 0.000046 0.986787 0.999902 0.002066 0.004382 0.981116 0.998187 0.999238 0.997082 0.004699 0.006546 0.003437 0.008557 0.001575 0.945560 0.999570 0.025027 0.006008 0.043282 0.000664 0.999808 0.004004 0.999405 0.000091 0.001347 0.000494 0.000462 0.999657 0.999644 0.999973 0.997091 0.019848 0.003299 0.008007 0.999407
0.998347 0.998294 0.994252 0.000139 0.945318 0.001729 0.020980 0.001858 0.997665 0.838370 0.989455 0.949005 0.012872 0.000470 0.003434 0.010564 0.007339 0.060629 0.908522 0.001830 0.989146 0.996694 0.997244 0.007336 0.999313 0.001386 0.992785 0.997932 0.001639 0.000049 0.984528 0.999840 0.002452 0.005149 0.982958 0.998417 0.999418 0.998346 0.005087 0.006150 0.003774 0.011729 0.001544 0.960991 0.999463 0.023299 0.007854 0.038466 0.000521 0.999825 0.003262 0.998850 0.000069 0.001268 0.000638 0.001016 0.999775 0.999019 0.999979 0.996059 0.025959 0.004186 0.005584 0.998798
0.999263 0.997173 0.996297 0.000273 0.938435 0.003946 0.053149 0.001467 0.998081 0.833298 0.991531 0.698322 0.006779 0.000551 0.001716 0.006890 0.007800 0.059464 0.954898 0.001020 0.983214 0.998214 0.995652 0.007022 0.999382 0.000954 0.995548 0.997676 0.001704 0.000023 0.982686 0.999803 0.002374 0.007174 0.978386 0.998893 0.999430 0.997802 0.003422 0.007570 0.001766 0.012100 0.001577 0.956357 0.999541 0.017922 0.010749 0.017423 0.000372 0.999935 0.005826 0.999183 0.000069 0.001619 0.000709 0.000345 0.999869 0.999664 0.999982 0.992511 0.012463 0.002291 0.004951 0.999532
0.999105 0.998046 0.994961 0.000485 0.921940 0.004522 0.108477 0.003967 0.998487 0.748437 0.990510 0.819978 0.007724 0.000945 0.002722 0.012722 0.019782 0.055262 0.863606 0.000943 0.989864 0.997665 0.994231 0.009156 0.999317 0.001931 0.996275 0.995429 0.002573 0.000094 0.987415 0.999702 0.001239 0.006460 0.973988 0.997605 0.999237 0.996462 0.003559 0.006542 0.003079 0.020196 0.001998 0.920665 0.999231 0.038639 0.006366 0.032107 0.001012 0.999853 0.004877 0.999584 0.000204 0.000795 0.000680 0.000192 0.999466 0.999717 0.999974 0.990710 0.020596 0.003114 0.004659 0.997801
0.999337 0.997813 0.994732 0.000594 0.976102 0.003794 0.049075 0.000351 0.998963 0.886359 0.992639 0.922832 0.008865 0.000278 0.001615 0.007838 0.009604 0.061173 0.964949 0.001366 0.981942 0.998468 0.997406 0.005976 0.999391 0.000936 0.994090 0.998418 0.001550 0.000042 0.986234 0.999772 0.002409 0.005596 0.978820 0.998029 0.999716 0.998881 0.005636 0.004221 0.004004 0.014582 0.001312 0.970879 0.999766 0.017995 0.006191 0.015786 0.000231 0.999940 0.005437 0.999375 0.000038 0.001385 0.000258 0.000508 0.999923 0.999073 0.999990 0.997290 0.010701 0.001651 0.006643 0.999661
0.998697 0.997711 0.990829 0.000892 0.955020 0.002834 0.041023 0.002290 0.998016 0.854282 0.992544 0.911839 0.011485 0.000632 0.002858 0.004225 0.007179 0.115234 0.910110 0.002270 0.981754 0.996910 0.998049 0.006265 0.998908 0.001179 0.994599 0.998267 0.004613 0.000099 0.986793 0.999781 0.002247 0.008038 0.984036 0.997663 0.999447 0.997977 0.007521 0.006046 0.004572 0.011162 0.002961 0.937571 0.999496 0.040211 0.003318 0.016884 0.000344 0.999886 0.004452 0.999187 0.000157 0.001251 0.000556 0.000243 0.999805 0.999114 0.999967 0.994484 0.027441 0.002665 0.006540 0.998963
0.999626 0.998642 0.995863 0.000248 0.967822 0.002420 0.023581 0.000540 0.998331 0.884875 0.994984 0.923394 0.007379 0.000550 0.002724 0.008394 0.013555 0.072263 0.969545 0.001216 0.988777 0.998649 0.997998 0.004033 0.999306 0.001204 0.994305 0.998955 0.002315 0.000047 0.986372 0.999737 0.001455 0.009445 0.966812 0.998327 0.999520 0.999180 0.009593 0.005341 0.005383 0.008717 0.000937 0.973045 0.999408 0.026507 0.013438 0.030049 0.000264 0.999901 0.005607 0.999250 0.000040 0.001555 0.000465 0.000501 0.999948 0.999074 0.999985 0.997337 0.011952 0.003651 0.006410 0.999659
0.999571 0.995903 0.987353 0.000715 0.981962 0.009162 0.060694 0.000418 0.999634 0.868084 0.993095 0.379700 0.016987 0.000075 0.005535 0.014619 0.002345 0.079922 0.985311 0.003446 0.977768 0.997032 0.997516 0.006586 0.999472 0.000237 0.988381 0.998366 0.000489 0.000010 0.974600 0.999604 0.003428 0.006157 0.979127 0.996101 0.999582 0.999457 0.009893 0.003140 0.006643 0.003303 0.002990 0.977762 0.999822 0.013998 0.005420 0.012947 0.000062 0.999978 0.007371 0.998677 0.000008 0.001426 0.000587 0.001064 0.999987 0.998741 0.999997 0.994969 0.005024 0.003939 0.003445 0.999912
0.998605 0.997086 0.991980 0.000289 0.972237 0.001572 0.027395 0.000679 0.998206 0.825390 0.993422 0.947530 0.014504 0.000333 0.002517 0.011961 0.009827 0.108823 0.932617 0.001518 0.974229 0.996899 0.994798 0.005155 0.998711 0.001525 0.993950 0.997407 0.004344 0.000067 0.986602 0.999541 0.004486 0.010211 0.979640 0.997240 0.999701 0.999270 0.003683 0.006732 0.002724 0.008101 0.000877 0.958548 0.999642 0.032137 0.005339 0.008342 0.000460 0.999955 0.005616 0.999118 0.000064 0.001397 0.000988 0.000717 0.999953 0.998914 0.999985 0.996380 0.024508 0.002341 0.003925 0.999696
0.998528 0.997833 0.990872 0.000239 0.972756 0.001973 0.031743 0.000585 0.997518 0.858164 0.994060 0.901169 0.016142 0.000381 0.002975 0.009743 0.005597 0.124906 0.928164 0.001062 0.978627 0.995987 0.997227 0.006864 0.998971 0.001094 0.993852 0.997755 0.002928 0.000054 0.984719 0.999607 0.003672 0.007721 0.976665 0.996744 0.999635 0.999278 0.003852 0.006210 0.002640 0.010085 0.001368 0.971334 0.999637 0.032235 0.004762 0.019478 0.000359 0.999947 0.006247 0.998982 0.000041 0.001760 0.000995 0.001004 0.999945 0.998885 0.999985 0.997526 0.019431 0.002196 0.004580 0.999724
0.999371 0.998110 0.994658 0.000447 0.978212 0.005033 0.043069 0.000658 0.997195 0.878139 0.994676 0.477630 0.009581 0.000159 0.004051 0.014982 0.003004 0.100258 0.977409 0.001905 0.977685 0.996744 0.996319 0.005325 0.999497 0.000477 0.994511 0.998421 0.001089 0.000007 0.974980 0.999780 0.003011 0.007656 0.980442 0.997994 0.999705 0.998988 0.004206 0.005325 0.003741 0.010000 0.001219 0.930066 0.999580 0.014560 0.010740 0.011126 0.000116 0.999978 0.005424 0.999144 0.000029 0.001167 0.000816 0.000380 0.999981 0.999099 0.999994 0.995394 0.009326 0.002564 0.003854 0.999833
0.998013 0.996875 0.995803 0.000262 0.929686 0.002278 0.039767 0.002707 0.997299 0.825903 0.986775 0.964058 0.012547 0.000838 0.002490 0.019071 0.003197 0.058468 0.888681 0.001280 0.991826 0.997336 0.996764 0.008271 0.999389 0.002161 0.994466 0.998020 0.002751 0.000061 0.989519 0.999770 0.001453 0.006419 0.974789 0.997652 0.998903 0.997904 0.003236 0.005968 0.006321 0.013006 0.001217 0.936005 0.999407 0.030633 0.011118 0.026363 0.000682 0.999777 0.004803 0.999184 0.000166 0.000930 0.000463 0.000788 0.999693 0.999598 0.999981 0.995257 0.023787 0.004739 0.006826 0.999120
0.998835 0.997629 0.992244 0.000203 0.977403 0.002482 0.028562 0.000339 0.998028 0.855584 0.993003 0.922663 0.011699 0.000282 0.002730 0.014799 0.004628 0.126274 0.930911 0.001523 0.985870 0.995984 0.997150 0.005444 0.998923 0.000908 0.995629 0.997720 0.002581 0.000029 0.987698 0.999517 0.002392 0.005843 0.965937 0.998206 0.999691 0.999263 0.002755 0.005134 0.003202 0.007770 0.001318 0.965475 0.999632 0.033264 0.008240 0.013198 0.000219 0.999971 0.005577 0.999454 0.000027 0.002093 0.000763 0.000557 0.999976 0.999194 0.999985 0.997147 0.020096 0.002170 0.004005 0.999786
0.999438 0.997653 0.994558 0.000388 0.981866 0.005356 0.038257 0.000631 0.997622 0.891071 0.994214 0.489262 0.008698 0.000165 0.003812 0.012965 0.002811 0.090744 0.978198 0.001999 0.979132 0.996977 0.996408 0.006208 0.999405 0.000450 0.995060 0.998410 0.000805 0.000010 0.975996 0.999786 0.002847 0.007339 0.981203 0.997383 0.999773 0.998981 0.004545 0.004468 0.004183 0.011054 0.001469 0.934828 0.999656 0.017556 0.007433 0.010711 0.000160 0.999982 0.006709 0.999140 0.000024 0.001139 0.000783 0.000432 0.999977 0.999043 0.999994 0.996533 0.009114 0.002053 0.003501 0.999778
0.998709 0.000388 0.000145 0.999786 0.989934 0.997971 0.018323 0.991719 0.997017 0.000753 0.993006 0.996615 0.016900 0.035168 0.009115 0.998589 0.992118 0.013366 0.001855 0.996303 0.985603 0.000041 0.993741 0.014293 0.005744 0.991166 0.997383 0.999179 0.998628 0.991022 0.992914 0.001163 0.002067 0.999713 0.003328 0.019939 0.011262 0.034799 0.999957 0.003650 0.999875 0.995341 0.999840 0.001387 0.863525 0.997576 0.000276 0.021905 0.994246 0.001966 0.998838 0.997751 0.997977 0.005841 0.001492 0.004231 0.001549 0.001188 0.006783 0.000951 0.983734 0.996779 0.002019 0.007485
0.998695 0.000262 0.000137 0.998823 0.994283 0.997041 0.012679 0.994819 0.996470 0.000241 0.986554 0.996853 0.023925 0.008699 0.008767 0.999269 0.997115 0.006436 0.002220 0.990683 0.991507 0.000077 0.995242 0.021784 0.006916 0.997127 0.996441 0.999793 0.998995 0.995076 0.987572 0.000972 0.001068 0.999853 0.004005 0.029713 0.006558 0.017730 0.999864 0.005993 0.999503 0.996460 0.999811 0.001459 0.889322 0.996748 0.000985 0.011240 0.997033 0.003985 0.999274 0.997614 0.999130 0.006560 0.001048 0.001577 0.000956 0.000456 0.010945 0.001824 0.996049 0.994987 0.001328 0.011602
0.999129 0.000414 0.000303 0.998100 0.994130 0.995776 0.012392 0.996647 0.995832 0.000659 0.986138 0.996381 0.031336 0.005323 0.010513 0.998630 0.994107 0.007521 0.003246 0.992426 0.993500 0.000080 0.995520 0.009901 0.005255 0.995387 0.997672 0.999454 0.998497 0.994148 0.990924 0.001642 0.003109 0.999815 0.003915 0.023561 0.006599 0.014014 0.999889 0.005350 0.999675 0.996939 0.999588 0.001042 0.864894 0.997662 0.001082 0.011169 0.995260 0.005534 0.998955 0.997572 0.998827 0.007155 0.001195 0.002392 0.001818 0.000956 0.022026 0.002804 0.991447 0.987752 0.001306 0.009790
0.999473 0.000275 0.000316 0.999033 0.989875 0.996777 0.007662 0.996393 0.997013 0.000923 0.986930 0.991898 0.043111 0.008258 0.010560 0.998945 0.995650 0.010362 0.002297 0.995288 0.995174 0.000041 0.993210 0.013161 0.004511 0.995515 0.996312 0.999542 0.998322 0.994090 0.993380 0.001536 0.001791 0.999814 0.002248 0.015849 0.007665 0.010158 0.999850 0.006552 0.999806 0.998719 0.999866 0.001173 0.826764 0.997894 0.000694 0.012705 0.996876 0.003373 0.999131 0.996898 0.999086 0.004412 0.001214 0.002274 0.001357 0.000943 0.014615 0.002025 0.988552 0.991515 0.001582 0.002949
0.999177 0.000352 0.000666 0.998896 0.991604 0.997445 0.011929 0.996978 0.997305 0.001060 0.991461 0.994067 0.046920 0.010480 0.007536 0.999150 0.995808 0.010103 0.003364 0.994557 0.993282 0.000078 0.996853 0.011421 0.005688 0.997297 0.995543 0.999424 0.998336 0.995077 0.994661 0.001630 0.001982 0.999780 0.004083 0.022941 0.012638 0.015871 0.999890 0.006048 0.999714 0.998968 0.999796 0.001614 0.861761 0.998388 0.000979 0.010875 0.995515 0.003083 0.999257 0.996448 0.999516 0.006288 0.001039 0.001435 0.002099 0.001388 0.008708 0.002425 0.989088 0.991868 0.001287 0.002858
0.998805 0.000257 0.000398 0.998900 0.990269 0.998109 0.007813 0.995366 0.997718 0.001387 0.990401 0.993513 0.023726 0.008099 0.010888 0.999078 0.997282 0.012221 0.001737 0.993658 0.995758 0.000118 0.993315 0.013579 0.005707 0.994047 0.995276 0.999475 0.998210 0.995590 0.989486 0.001123 0.001179 0.999883 0.004451 0.023875 0.017167 0.011206 0.999862 0.006474 0.999713 0.998056 0.999868 0.001774 0.868095 0.998183 0.000875 0.016971 0.997281 0.004472 0.999320 0.996918 0.999207 0.007440 0.001141 0.001848 0.002637 0.001802 0.009756 0.003262 0.989170 0.994886 0.001413 0.002456
0.998788 0.000305 0.000394 0.999610 0.992434 0.997570 0.011504 0.996570 0.996285 0.000557 0.988906 0.993717 0.020412 0.007970 0.009270 0.999456 0.996787 0.012825 0.002198 0.995531 0.994619 0.000071 0.995027 0.032667 0.004938 0.995222 0.993570 0.999444 0.998970 0.995298 0.985345 0.001559 0.001194 0.999893 0.005302 0.018726 0.013585 0.012189 0.999831 0.006372 0.999649 0.999097 0.999849 0.001282 0.864107 0.998646 0.000943 0.015062 0.997088 0.002895 0.999266 0.997808 0.999458 0.004668 0.001549 0.001696 0.001982 0.000963 0.004795 0.003342 0.989114 0.996413 0.001456 0.003405
0.999130 0.000252 0.000443 0.999214 0.994033 0.998179 0.015204 0.995274 0.997034 0.000771 0.987483 0.994491 0.022176 0.006244 0.014941 0.999144 0.994509 0.014390 0.003166 0.995754 0.991945 0.000056 0.992930 0.038944 0.005891 0.995160 0.995951 0.999507 0.998814 0.992560 0.992025 0.001656 0.001480 0.999883 0.004378 0.017363 0.010125 0.011234 0.999872 0.004340 0.999716 0.998861 0.999841 0.001388 0.880379 0.998168 0.001238 0.013739 0.996573 0.003277 0.999304 0.997456 0.999065 0.003190 0.000987 0.001258 0.001712 0.000843 0.005489 0.002009 0.991920 0.995885 0.001122 0.005330
0.998797 0.000374 0.000308 0.999393 0.992216 0.997440 0.011695 0.996590 0.997105 0.000538 0.987339 0.995351 0.022960 0.008040 0.010346 0.998839 0.995988 0.010053 0.003825 0.994038 0.993585 0.000096 0.995044 0.021666 0.004108 0.996804 0.994973 0.999322 0.998906 0.994384 0.991706 0.002077 0.001530 0.999863 0.005655 0.014307 0.010455 0.013588 0.999835 0.008255 0.999778 0.999162 0.999842 0.001525 0.867498 0.998820 0.001044 0.014588 0.996256 0.002334 0.999045 0.997764 0.999245 0.005135 0.001100 0.001749 0.001683 0.001148 0.007489 0.002034 0.992582 0.995164 0.001592 0.002133
0.998841 0.000326 0.000448 0.999238 0.992760 0.997251 0.008887 0.996916 0.997076 0.000833 0.988306 0.994436 0.052060 0.010933 0.011578 0.999349 0.995711 0.010086 0.003772 0.995089 0.991790 0.000126 0.995053 0.030183 0.005634 0.997227 0.995446 0.999308 0.998678 0.995540 0.991202 0.002015 0.001710 0.999805 0.004868 0.025380 0.013976 0.016655 0.999877 0.008635 0.999821 0.998157 0.999840 0.001442 0.892259 0.998223 0.001240 0.013387 0.995706 0.001806 0.999226 0.996775 0.999284 0.006904 0.001301 0.001369 0.002555 0.001130 0.010623 0.002544 0.988897 0.994289 0.001534 0.002837
0.998680 0.000454 0.000403 0.999184 0.994438 0.996677 0.017197 0.997679 0.997254 0.000706 0.984318 0.994346 0.031667 0.009169 0.012612 0.999144 0.994690 0.012747 0.004252 0.995119 0.993746 0.000104 0.995323 0.031219 0.006251 0.994306 0.995800 0.999385 0.998832 0.994487 0.994777 0.001764 0.001689 0.999812 0.005886 0.016627 0.015738 0.014107 0.999869 0.008636 0.999603 0.997412 0.999841 0.001809 0.867577 0.997808 0.000765 0.015067 0.995057 0.003077 0.999220 0.996827 0.998628 0.006753 0.001004 0.002380 0.002202 0.001198 0.013548 0.001758 0.986075 0.995967 0.001636 0.005016
0.997753 0.001373 0.000219 0.999355 0.991062 0.996541 0.064244 0.993878 0.992423 0.000637 0.984933 0.992106 0.106346 0.170208 0.009993 0.997519 0.992914 0.010378 0.008295 0.997742 0.983144 0.000097 0.996306 0.026324 0.003454 0.988135 0.992368 0.998348 0.998225 0.982863 0.985783 0.000644 0.002972 0.998283 0.001843 0.014532 0.109162 0.077747 0.999497 0.006427 0.999569 0.997002 0.999626 0.000795 0.935716 0.996535 0.001784 0.026692 0.995566 0.003512 0.998485 0.996602 0.999185 0.005774 0.003447 0.002739 0.004988 0.001801 0.002759 0.002572 0.972245 0.993449 0.001344 0.005751
0.998655 0.000338 0.000123 0.999872 0.992560 0.998788 0.023504 0.989315 0.997308 0.000243 0.987965 0.993467 0.062104 0.080020 0.003624 0.999225 0.994205 0.006496 0.001501 0.998287 0.994405 0.000027 0.995164 0.035224 0.006370 0.995041 0.994774 0.999408 0.998560 0.982966 0.992988 0.002074 0.000989 0.996990 0.000893 0.010421 0.100377 0.039824 0.999911 0.004451 0.999801 0.998217 0.999905 0.000913 0.917384 0.996462 0.000412 0.031057 0.997087 0.001365 0.999780 0.997557 0.998992 0.004125 0.005585 0.001577 0.001840 0.000845 0.002607 0.001015 0.976164 0.998021 0.001058 0.002572
0.998966 0.000327 0.000144 0.999870 0.990891 0.998225 0.026208 0.991408 0.998255 0.000349 0.987530 0.992582 0.064503 0.122545 0.004109 0.999058 0.993242 0.011024 0.002674 0.997989 0.992381 0.000021 0.995431 0.025400 0.005375 0.995604 0.995569 0.999499 0.998400 0.986802 0.993689 0.001346 0.001657 0.998611 0.000670 0.013422 0.056244 0.041720 0.999907 0.003867 0.999826 0.998637 0.999909 0.001391 0.839613 0.996654 0.000253 0.027223 0.995719 0.002114 0.999776 0.998455 0.999380 0.005446 0.004086 0.002196 0.003209 0.000635 0.003157 0.001307 0.958532 0.996694 0.001020 0.003399
0.999082 0.000182 0.000162 0.999894 0.990379 0.997486 0.019599 0.984755 0.998294 0.000290 0.991701 0.988472 0.131812 0.277382 0.006282 0.999195 0.993163 0.007024 0.004063 0.998531 0.992763 0.000023 0.997087 0.049485 0.004469 0.993242 0.995297 0.999460 0.997373 0.981131 0.985786 0.002035 0.002004 0.998940 0.000608 0.010420 0.116522 0.114053 0.999891 0.002296 0.999798 0.998983 0.999916 0.000589 0.856756 0.995804 0.000463 0.011084 0.996779 0.002001 0.999698 0.997124 0.998879 0.005534 0.006212 0.001789 0.002281 0.000825 0.002510 0.000913 0.950240 0.997653 0.001033 0.001818
0.999835 0.000989 0.003255 0.975692 0.994141 0.976678 0.000266 0.009441 0.999891 0.046414 0.993807 0.011454 0.314026 0.000710 0.002717 0.984306 0.000450 0.001470 0.013017 0.904171 0.998875 0.001258 0.995611 0.009709 0.956772 0.008121 0.988102 0.998890 0.001976 0.004264 0.954486 0.410234 0.004237 0.018877 0.015109 0.018208 0.994168 0.987954 0.998390 0.000078 0.997248 0.004053 0.997927 0.129042 0.999258 0.018411 0.000584 0.005755 0.024792 0.997622 0.989995 0.997676 0.003609 0.005221 0.000123 0.001469 0.998541 0.320080 0.999418 0.097373 0.058808 0.999012 0.000451 0.962715
0.999869 0.002776 0.003826 0.951136 0.990759 0.987925 0.000391 0.004014 0.999961 0.023579 0.993798 0.004216 0.211818 0.000441 0.002862 0.989277 0.000510 0.001282 0.006925 0.942663 0.998949 0.001104 0.991868 0.009500 0.969913 0.017277 0.993093 0.998613 0.001556 0.003935 0.982250 0.366039 0.004647 0.013217 0.020399 0.016175 0.997214 0.983565 0.998896 0.000051 0.997809 0.001911 0.996988 0.116231 0.999538 0.024098 0.000346 0.006561 0.014755 0.997858 0.990764 0.995670 0.003345 0.002520 0.000025 0.000734 0.998454 0.238994 0.999568 0.049838 0.090794 0.999298 0.000587 0.969831
0.999824 0.002065 0.004367 0.921254 0.992812 0.986254 0.000363 0.002350 0.999896 0.047576 0.996928 0.005547 0.351597 0.000508 0.006080 0.991642 0.000906 0.002755 0.012115 0.951830 0.998475 0.001218 0.995918 0.009709 0.948609 0.011159 0.995058 0.998086 0.001138 0.003944 0.987151 0.257718 0.006487 0.010456 0.012237 0.018513 0.997986 0.979353 0.999138 0.000051 0.995343 0.005615 0.997257 0.123888 0.999468 0.040978 0.000420 0.004918 0.013710 0.996073 0.993429 0.998054 0.003896 0.003620 0.000046 0.001073 0.998827 0.224307 0.999405 0.050850 0.053534 0.998575 0.000402 0.961042
0.999864 0.002131 0.004630 0.918708 0.991531 0.975484 0.000185 0.003767 0.999954 0.035053 0.995468 0.007663 0.265320 0.000461 0.005067 0.990069 0.000534 0.001372 0.011967 0.950193 0.998146 0.001115 0.994729 0.005420 0.975152 0.013246 0.993363 0.999122 0.001470 0.002638 0.976960 0.354473 0.005033 0.013416 0.018431 0.023280 0.998469 0.984298 0.998339 0.000052 0.996201 0.002548 0.996098 0.091587 0.999734 0.028850 0.000276 0.008231 0.015988 0.997320 0.990140 0.996876 0.005415 0.001541 0.000035 0.000879 0.998877 0.247587 0.999600 0.073736 0.061531 0.998766 0.000321 0.963326
0.999822 0.002220 0.002604 0.944438 0.992433 0.957122 0.000509 0.006732 0.999915 0.037795 0.993216 0.006462 0.156879 0.000489 0.004857 0.955587 0.000676 0.000628 0.008179 0.934257 0.998987 0.000923 0.995356 0.005550 0.960603 0.013433 0.992663 0.999391 0.002286 0.004111 0.940941 0.333647 0.006219 0.027002 0.018435 0.030507 0.997460 0.991915 0.998286 0.000122 0.996412 0.001951 0.996622 0.120789 0.999625 0.024409 0.000400 0.011447 0.022477 0.999135 0.994200 0.995239 0.002691 0.003632 0.000082 0.001326 0.998667 0.278458 0.999600 0.059232 0.056064 0.999236 0.000554 0.937556
0.999894 0.001187 0.001205 0.957162 0.991804 0.985704 0.000045 0.001990 0.999957 0.055572 0.989609 0.001083 0.277984 0.000129 0.002683 0.978397 0.000007 0.001124 0.010222 0.986509 0.994723 0.000296 0.993898 0.015494 0.978718 0.005898 0.990050 0.998119 0.000210 0.000729 0.929280 0.334608 0.026342 0.007814 0.015968 0.016250 0.998224 0.978682 0.999696 0.000041 0.999222 0.000254 0.999489 0.148791 0.999838 0.011860 0.000373 0.005599 0.019915 0.998803 0.994087 0.997523 0.001055 0.004126 0.000025 0.002653 0.999006 0.144966 0.999857 0.036565 0.032157 0.999718 0.000330 0.962676
0.999857 0.002215 0.001299 0.743903 0.992458 0.987420 0.000269 0.002007 0.999883 0.118101 0.980943 0.007883 0.337717 0.000190 0.002965 0.981486 0.000045 0.001182 0.011831 0.969499 0.998587 0.002603 0.993041 0.011036 0.958813 0.016601 0.993241 0.997986 0.000072 0.000734 0.976106 0.265710 0.006213 0.006680 0.012238 0.014200 0.999249 0.979716 0.998971 0.000018 0.997049 0.001026 0.997272 0.172976 0.999918 0.013781 0.000260 0.004447 0.029514 0.997246 0.995547 0.998164 0.002767 0.001933 0.000020 0.001537 0.999213 0.077713 0.999491 0.237277 0.146027 0.998671 0.000179 0.978946
0.999789 0.000720 0.001124 0.949746 0.992850 0.942241 0.000112 0.000921 0.999936 0.165752 0.962754 0.003281 0.507581 0.000429 0.004664 0.980528 0.000007 0.001248 0.009592 0.969586 0.994057 0.001195 0.991564 0.009852 0.968273 0.005043 0.992490 0.996034 0.000101 0.000764 0.886898 0.282306 0.023860 0.008720 0.015392 0.020845 0.998975 0.979047 0.996076 0.000073 0.998290 0.000237 0.998144 0.205391 0.999736 0.004904 0.000786 0.008657 0.014920 0.998021 0.988022 0.996976 0.003052 0.004789 0.000026 0.003072 0.999522 0.266196 0.999922 0.090954 0.041140 0.998801 0.000251 0.971699
0.999962 0.001293 0.001615 0.861302 0.990588 0.993243 0.000110 0.002395 0.999928 0.142760 0.986686 0.000495 0.372923 0.000336 0.003412 0.986469 0.000007 0.000506 0.017992 0.980545 0.995158 0.001531 0.990250 0.015096 0.975899 0.003333 0.991587 0.997511 0.000114 0.000627 0.976838 0.386632 0.016585 0.003751 0.011385 0.024728 0.998803 0.989549 0.999371 0.000022 0.998930 0.000317 0.997134 0.123179 0.999933 0.008552 0.000222 0.004640 0.011877 0.999096 0.995133 0.997200 0.001217 0.003745 0.000012 0.002601 0.999343 0.243092 0.999927 0.062186 0.044233 0.999277 0.000296 0.961468
0.999870 0.000928 0.000784 0.908907 0.996267 0.976876 0.000060 0.000833 0.999911 0.103452 0.984506 0.001327 0.356152 0.000043 0.002517 0.978928 0.000010 0.000654 0.005700 0.981459 0.995029 0.001228 0.985245 0.008689 0.966473 0.004100 0.982124 0.997026 0.000201 0.001365 0.952549 0.182547 0.037190 0.010596 0.014229 0.031155 0.998207 0.988980 0.999531 0.000031 0.997571 0.000166 0.998996 0.150949 0.999957 0.003371 0.000177 0.004876 0.005734 0.998812 0.991352 0.995606 0.004870 0.004942 0.000016 0.003596 0.999544 0.131043 0.999931 0.108883 0.129678 0.999115 0.000139 0.987221
0.000643 0.998586 0.979249 0.000179 0.000212 0.007505 0.998525 0.998822 0.002532 0.058826 0.000109 0.969890 0.005453 0.996763 0.999837 0.997267 0.984078 0.999056 0.004835 0.000869 0.970393 0.998520 0.000012 0.006377 0.997006 0.998811 0.991263 0.005888 0.995382 0.000967 0.003048 0.999303 0.002224 0.003842 0.004717 0.643853 0.997676 0.000982 0.005081 0.997052 0.007934 0.022870 0.008875 0.009111 0.003341 0.965869 0.999237 0.999954 0.999825 0.000143 0.970762 0.996428 0.999792 0.040387 0.999325 0.002850 0.000068 0.999901 0.017472 0.003915 0.096160 0.002676 0.997716 0.002195
0.000882 0.998990 0.979492 0.000170 0.000215 0.009810 0.998661 0.998819 0.002784 0.064977 0.000108 0.962771 0.005858 0.996885 0.999881 0.997900 0.980697 0.999177 0.004912 0.000966 0.954466 0.998336 0.000013 0.006965 0.996666 0.998944 0.991640 0.004309 0.995769 0.001121 0.002874 0.999474 0.002290 0.004436 0.004626 0.616424 0.998523 0.000783 0.005730 0.996640 0.007331 0.022204 0.008202 0.010574 0.003358 0.971356 0.999089 0.999948 0.999793 0.000177 0.966726 0.996079 0.999797 0.030476 0.999131 0.002836 0.000057 0.999902 0.017017 0.003383 0.126571 0.002836 0.997577 0.002842
0.000616 0.999001 0.975263 0.000296 0.000147 0.010402 0.998297 0.999379 0.001935 0.062528 0.000069 0.950828 0.007235 0.997393 0.999858 0.997270 0.975398 0.999158 0.005142 0.001235 0.949968 0.998267 0.000008 0.007071 0.997629 0.999019 0.991373 0.004768 0.995883 0.001168 0.002534 0.999462 0.002601 0.003596 0.003598 0.477756 0.997336 0.000767 0.006036 0.997182 0.008382 0.025712 0.009688 0.011493 0.002847 0.968393 0.999158 0.999948 0.999865 0.000099 0.977367 0.995058 0.999814 0.050018 0.999329 0.003402 0.000045 0.999880 0.016243 0.002921 0.127640 0.003010 0.998003 0.001965
0.000547 0.998553 0.962954 0.000352 0.000147 0.011397 0.998569 0.999348 0.001900 0.076239 0.000062 0.948095 0.005937 0.997057 0.999832 0.998040 0.978094 0.999225 0.003465 0.001362 0.968817 0.997944 0.000011 0.007051 0.997104 0.998989 0.988900 0.004811 0.995148 0.001284 0.002668 0.999155 0.002082 0.003107 0.002509 0.538597 0.997941 0.000561 0.006799 0.996462 0.009330 0.019141 0.015933 0.012112 0.002472 0.970388 0.998986 0.999965 0.999887 0.000086 0.983495 0.996183 0.999865 0.050225 0.999440 0.002827 0.000041 0.999900 0.013352 0.002625 0.114354 0.003411 0.998230 0.001595
0.003439 0.998610 0.992654 0.000296 0.000589 0.005097 0.998476 0.995033 0.003177 0.223879 0.000236 0.974358 0.012476 0.985113 0.998869 0.995400 0.970391 0.998187 0.024408 0.001260 0.881821 0.999297 0.000121 0.007232 0.998333 0.996827 0.876589 0.009860 0.997464 0.000899 0.019292 0.997057 0.005650 0.008326 0.010542 0.536070 0.997836 0.001962 0.006396 0.985527 0.007202 0.009999 0.003425 0.010570 0.009432 0.925820 0.998352 0.999890 0.998603 0.000302 0.947026 0.995576 0.999507 0.027593 0.998441 0.003758 0.000470 0.999429 0.148760 0.013486 0.194141 0.006525 0.978620 0.006038
0.000791 0.998291 0.973522 0.000125 0.000223 0.014286 0.998752 0.998740 0.002748 0.103552 0.000089 0.969201 0.005360 0.996904 0.999802 0.996201 0.989134 0.998978 0.004271 0.001120 0.954152 0.998607 0.000015 0.006767 0.995127 0.998479 0.987366 0.003245 0.995285 0.001490 0.005119 0.999240 0.003385 0.002793 0.006301 0.630930 0.998754 0.000957 0.006710 0.997981 0.006414 0.036705 0.013307 0.009955 0.002960 0.972642 0.999312 0.999955 0.999857 0.000171 0.982727 0.995373 0.999702 0.048256 0.999476 0.004537 0.000053 0.999897 0.011098 0.004449 0.101523 0.003436 0.995234 0.003500
0.000777 0.998459 0.975529 0.000155 0.000219 0.010237 0.997814 0.998770 0.002784 0.112980 0.000139 0.953332 0.006238 0.996630 0.999772 0.996212 0.985216 0.998691 0.004279 0.000552 0.965677 0.998348 0.000017 0.003577 0.996679 0.998722 0.986348 0.004937 0.995900 0.000915 0.004346 0.999095 0.003253 0.005174 0.006086 0.577396 0.997725 0.000861 0.007030 0.996989 0.008077 0.033117 0.013040 0.008791 0.002733 0.970764 0.997903 0.999960 0.999880 0.000125 0.980838 0.996443 0.999710 0.067377 0.999335 0.003652 0.000058 0.999869 0.017349 0.002358 0.142752 0.002554 0.996514 0.002203
0.000603 0.998986 0.970308 0.000300 0.000168 0.012116 0.998118 0.999488 0.002500 0.082174 0.000077 0.930059 0.004876 0.996625 0.999736 0.997119 0.970395 0.998823 0.006824 0.001098 0.910501 0.998189 0.000006 0.003540 0.997895 0.999170 0.991858 0.005074 0.996148 0.000981 0.004297 0.998963 0.003512 0.005215 0.003390 0.496993 0.996550 0.000801 0.006378 0.997342 0.008452 0.025659 0.010395 0.013685 0.003464 0.965406 0.998511 0.999940 0.999876 0.000093 0.979649 0.995370 0.999848 0.097824 0.999428 0.004500 0.000066 0.999907 0.020149 0.004984 0.171629 0.004513 0.996715 0.001807
0.000770 0.998466 0.967120 0.000235 0.000137 0.012158 0.998991 0.999099 0.002509 0.102706 0.000097 0.920268 0.006846 0.997375 0.999731 0.995783 0.981319 0.998585 0.006789 0.000756 0.952201 0.998745 0.000010 0.004825 0.996273 0.998999 0.984383 0.004700 0.994484 0.001130 0.004778 0.999357 0.003495 0.002990 0.004719 0.534727 0.996957 0.000738 0.008077 0.997291 0.012041 0.037743 0.010732 0.013449 0.003690 0.967524 0.998657 0.999953 0.999855 0.000093 0.984511 0.993286 0.999811 0.102423 0.999428 0.002994 0.000069 0.999887 0.011862 0.004145 0.115047 0.004325 0.997468 0.002446
0.000594 0.998637 0.968533 0.000258 0.000126 0.010352 0.998354 0.999358 0.002271 0.068273 0.000082 0.931809 0.006053 0.997748 0.999879 0.997877 0.972367 0.999094 0.003722 0.001258 0.960885 0.997571 0.000009 0.006856 0.996765 0.998922 0.986217 0.003714 0.994259 0.001194 0.002390 0.999393 0.003492 0.002591 0.002673 0.581210 0.997904 0.000773 0.007694 0.996627 0.010978 0.024806 0.013686 0.010468 0.002882 0.972535 0.999165 0.999957 0.999887 0.000134 0.986073 0.994834 0.999845 0.047951 0.999403 0.003839 0.000043 0.999855 0.014788 0.003161 0.097231 0.004500 0.997799 0.002628
0.000997 0.998985 0.982788 0.000141 0.000203 0.009221 0.998815 0.998621 0.001380 0.105543 0.000201 0.964157 0.007906 0.997493 0.999816 0.995535 0.986423 0.999071 0.006187 0.000807 0.949768 0.997674 0.000037 0.008316 0.996063 0.998007 0.991608 0.003367 0.996255 0.001439 0.003481 0.999106 0.003752 0.005650 0.009020 0.620734 0.998775 0.001633 0.009090 0.996246 0.007636 0.027714 0.009018 0.008855 0.002656 0.971957 0.998694 0.999906 0.999892 0.000173 0.973470 0.995948 0.999613 0.021846 0.999598 0.002108 0.000135 0.999853 0.016132 0.004097 0.090560 0.002773 0.993865 0.002061
0.001689 0.998983 0.986329 0.000121 0.000187 0.010572 0.998685 0.997375 0.001563 0.103303 0.000178 0.947752 0.005033 0.997101 0.999806 0.996446 0.985303 0.998842 0.005786 0.000611 0.966879 0.999240 0.000035 0.007600 0.998395 0.997368 0.986314 0.003398 0.995625 0.001683 0.006926 0.999184 0.002403 0.004507 0.005927 0.585839 0.998421 0.000919 0.005393 0.995845 0.008889 0.028015 0.009758 0.010814 0.004255 0.959903 0.998055 0.999954 0.999856 0.000138 0.971809 0.994398 0.999531 0.046464 0.999064 0.001605 0.000249 0.999909 0.025091 0.005152 0.082232 0.004691 0.994241 0.002953
0.002238 0.998787 0.988719 0.000064 0.000226 0.008136 0.998721 0.996650 0.002054 0.139449 0.000090 0.943401 0.005732 0.996247 0.999812 0.996798 0.985961 0.999325 0.008158 0.000653 0.955079 0.999421 0.000032 0.005885 0.998322 0.996015 0.976757 0.004416 0.994213 0.001554 0.009284 0.999286 0.002777 0.003514 0.006356 0.656554 0.999087 0.000959 0.003727 0.995467 0.004258 0.021533 0.007733 0.014545 0.005048 0.962621 0.997992 0.999951 0.999747 0.000327 0.973563 0.995534 0.999570 0.038725 0.998873 0.002500 0.000188 0.999893 0.024170 0.007120 0.090385 0.004421 0.994751 0.002730
0.001820 0.998947 0.987222 0.000102 0.000284 0.010768 0.999297 0.998041 0.001941 0.107983 0.000090 0.951923 0.005072 0.994981 0.999853 0.996646 0.979146 0.999341 0.010218 0.000879 0.953845 0.999129 0.000020 0.006657 0.996591 0.998207 0.979554 0.003801 0.994158 0.001160 0.004607 0.999546 0.002688 0.004852 0.007891 0.502085 0.998323 0.000797 0.006330 0.997534 0.006303 0.029836 0.006970 0.013025 0.002640 0.964408 0.999170 0.999952 0.999776 0.000242 0.956822 0.993486 0.999569 0.045902 0.999468 0.003392 0.000106 0.999874 0.008131 0.005928 0.108627 0.003055 0.996139 0.002396
0.000791 0.998346 0.967496 0.000336 0.000182 0.014022 0.998742 0.998948 0.002611 0.071238 0.000099 0.957179 0.006745 0.997528 0.999802 0.998011 0.989958 0.998747 0.005765 0.001387 0.941532 0.998571 0.000013 0.007435 0.997025 0.998276 0.992072 0.004349 0.996442 0.002328 0.004972 0.998596 0.004372 0.004948 0.004465 0.514805 0.996846 0.000550 0.005657 0.996963 0.010256 0.038711 0.010444 0.005884 0.003771 0.966149 0.998721 0.999959 0.999875 0.000092 0.980949 0.993802 0.999742 0.104906 0.999213 0.002572 0.000113 0.999797 0.013105 0.003904 0.104065 0.005732 0.997750 0.001807
0.002939 0.979740 0.998073 0.990383 0.957227 0.064728 0.995778 0.008866 0.006459 0.978645 0.988121 0.984864 0.985462 0.992221 0.326086 0.000626 0.993882 0.990324 0.999511 0.964264 0.000892 0.994253 0.983357 0.998886 0.001650 0.013921 0.007878 0.078513 0.978396 0.996894 0.496659 0.010938 0.999059 0.999590 0.999726 0.998516 0.003671 0.991251 0.001586 0.959492 0.011289 0.999559 0.004686 0.481267 0.002118 0.960504 0.997486 0.021416 0.002837 0.983668 0.000885 0.000956 0.012889 0.999609 0.999272 0.999842 0.998085 0.019923 0.008724 0.996338 0.882183 0.009644 0.997465 0.991241
0.003824 0.966918 0.997580 0.996358 0.987397 0.067341 0.998467 0.002962 0.004094 0.988394 0.994380 0.987570 0.995713 0.987260 0.120654 0.000655 0.995474 0.983512 0.999652 0.963669 0.000744 0.997009 0.985600 0.999742 0.000762 0.011427 0.002274 0.019693 0.993318 0.999263 0.658142 0.006093 0.999867 0.999832 0.999873 0.998972 0.001310 0.993664 0.002342 0.978863 0.008823 0.999718 0.003136 0.707025 0.001824 0.950865 0.997622 0.006826 0.002389 0.994479 0.000193 0.000037 0.012262 0.999873 0.999544 0.999975 0.998050 0.006954 0.005091 0.998753 0.951357 0.008426 0.998589 0.996323
0.004423 0.985708 0.998176 0.994681 0.970429 0.087659 0.998190 0.003606 0.001710 0.986543 0.990211 0.987493 0.995653 0.991329 0.070444 0.000428 0.991841 0.994374 0.999699 0.960081 0.000460 0.996195 0.973352 0.999911 0.000897 0.010702 0.001322 0.017978 0.994430 0.999261 0.759697 0.013471 0.999918 0.999782 0.999800 0.998861 0.001994 0.995014 0.001575 0.982482 0.012155 0.999798 0.002065 0.719302 0.002170 0.936612 0.997684 0.005349 0.002654 0.996705 0.000344 0.000029 0.005385 0.999841 0.999646 0.999990 0.997592 0.005593 0.005218 0.998395 0.954076 0.007988 0.998279 0.996788
0.003516 0.978872 0.998459 0.994693 0.983700 0.064875 0.997925 0.002371 0.001531 0.986508 0.994725 0.990787 0.982488 0.986753 0.077406 0.000472 0.997421 0.994207 0.999413 0.986925 0.000563 0.998158 0.982089 0.999868 0.001144 0.008380 0.001504 0.015505 0.995158 0.999225 0.701472 0.005663 0.999868 0.999799 0.999774 0.998952 0.002219 0.995396 0.002132 0.979928 0.008230 0.999746 0.003007 0.568347 0.002615 0.951762 0.994979 0.005963 0.002351 0.995755 0.000289 0.000061 0.008189 0.999772 0.999528 0.999977 0.998784 0.004776 0.009266 0.997502 0.963706 0.008262 0.998538 0.996298
0.003189 0.984769 0.998231 0.993156 0.958853 0.094649 0.997942 0.003346 0.001367 0.991044 0.989836 0.988774 0.989009 0.991854 0.127562 0.000369 0.993988 0.995780 0.999467 0.985585 0.000526 0.997492 0.964779 0.999924 0.000837 0.007920 0.002081 0.014660 0.994726 0.999444 0.723271 0.010361 0.999948 0.999879 0.999726 0.998968 0.002054 0.995305 0.001438 0.988326 0.015012 0.999732 0.003879 0.638261 0.001729 0.941911 0.997004 0.008251 0.003200 0.995556 0.000425 0.000030 0.008596 0.999857 0.999639 0.999986 0.997418 0.006115 0.004837 0.997102 0.964962 0.010440 0.998813 0.996151
0.003808 0.990415 0.997885 0.994776 0.981064 0.038799 0.998730 0.004084 0.001556 0.991229 0.991016 0.983851 0.993862 0.992059 0.110085 0.000300 0.994738 0.994735 0.999743 0.977132 0.000473 0.998025 0.961434 0.999853 0.001248 0.009699 0.001490 0.027093 0.984179 0.999217 0.676843 0.011650 0.999920 0.999721 0.999794 0.998927 0.001755 0.994426 0.000771 0.989791 0.009148 0.999869 0.001877 0.685520 0.001250 0.902533 0.997081 0.006733 0.003644 0.996709 0.000178 0.000055 0.008858 0.999935 0.999736 0.999989 0.997204 0.010796 0.003753 0.998814 0.928844 0.005334 0.999142 0.996303
0.003264 0.982593 0.997530 0.993789 0.978611 0.089105 0.998296 0.004319 0.002365 0.991824 0.989962 0.985648 0.994992 0.989668 0.112298 0.000406 0.994911 0.995419 0.999604 0.977234 0.000506 0.996987 0.969343 0.999910 0.001347 0.007625 0.000887 0.023917 0.988897 0.999402 0.693110 0.007702 0.999930 0.999798 0.999773 0.999132 0.001717 0.993557 0.001240 0.985035 0.012831 0.999809 0.001752 0.651549 0.001073 0.932513 0.997491 0.007588 0.003011 0.996566 0.000260 0.000037 0.006917 0.999893 0.999721 0.999989 0.995790 0.007129 0.004223 0.998533 0.967442 0.006663 0.999190 0.996463
0.003996 0.980457 0.997920 0.993491 0.969777 0.107880 0.998054 0.003489 0.001925 0.984192 0.991046 0.990730 0.993333 0.992808 0.129125 0.000662 0.996716 0.995413 0.999583 0.981306 0.000708 0.998267 0.978287 0.999883 0.001074 0.007031 0.001580 0.018171 0.992762 0.999585 0.804295 0.009841 0.999911 0.999850 0.999497 0.998790 0.002756 0.992982 0.001238 0.988741 0.009907 0.999767 0.003529 0.572562 0.001926 0.944102 0.996923 0.012616 0.003759 0.994811 0.000656 0.000049 0.006680 0.999936 0.999552 0.999988 0.996341 0.006787 0.002037 0.996829 0.958184 0.008519 0.999270 0.996607
0.002905 0.982587 0.997732 0.990802 0.973608 0.076676 0.998527 0.005965 0.001846 0.991065 0.989432 0.969879 0.996079 0.992130 0.117144 0.000486 0.994226 0.995776 0.999783 0.955782 0.000386 0.997982 0.959504 0.999875 0.001316 0.011429 0.000680 0.013112 0.985709 0.999527 0.669092 0.015808 0.999926 0.999505 0.999756 0.998926 0.002486 0.994040 0.001392 0.989359 0.009745 0.999757 0.002289 0.713596 0.001168 0.916846 0.997402 0.009492 0.004788 0.996290 0.000264 0.000022 0.010407 0.999904 0.999817 0.999988 0.995068 0.012367 0.002526 0.998225 0.951836 0.005397 0.999021 0.995407
0.004605 0.977743 0.998599 0.993256 0.980977 0.064472 0.998087 0.005072 0.001965 0.992892 0.992943 0.982245 0.993721 0.986841 0.119433 0.000382 0.993000 0.996779 0.999641 0.961685 0.000535 0.997121 0.979670 0.999923 0.001188 0.006486 0.000831 0.022312 0.991860 0.999302 0.617365 0.010988 0.999927 0.999795 0.999744 0.998964 0.001883 0.994982 0.002601 0.987771 0.007690 0.999804 0.003507 0.690323 0.001234 0.943135 0.996870 0.005404 0.002528 0.994683 0.000257 0.000035 0.006460 0.999864 0.999803 0.999987 0.996419 0.011395 0.004111 0.998449 0.957234 0.005607 0.998410 0.997799
0.004772 0.959650 0.997159 0.994886 0.968604 0.042971 0.998098 0.003360 0.006287 0.983709 0.992859 0.985285 0.992336 0.987440 0.102111 0.000284 0.992800 0.987942 0.999678 0.927984 0.000499 0.995727 0.979679 0.999856 0.001052 0.008731 0.000895 0.024574 0.992797 0.999331 0.571575 0.009089 0.999899 0.999840 0.999902 0.998730 0.000936 0.995577 0.002627 0.988587 0.011926 0.999644 0.003110 0.657140 0.001670 0.931157 0.995692 0.004779 0.001897 0.994579 0.000132 0.000022 0.008570 0.999882 0.999591 0.999972 0.997026 0.018368 0.006634 0.999158 0.950817 0.006822 0.998316 0.998045
0.004529 0.956760 0.994371 0.996523 0.927011 0.032185 0.995802 0.010008 0.007928 0.974030 0.992801 0.985799 0.975635 0.981935 0.194010 0.000975 0.990559 0.964108 0.999121 0.984104 0.004038 0.986069 0.976155 0.997575 0.001345 0.028440 0.012543 0.048294 0.941786 0.992993 0.429682 0.010273 0.997706 0.999560 0.999071 0.998800 0.001794 0.991637 0.001484 0.936434 0.031929 0.999006 0.006516 0.324059 0.003237 0.977144 0.994852 0.016912 0.004104 0.989161 0.000345 0.000610 0.008054 0.999840 0.999151 0.999578 0.994823 0.027413 0.005122 0.988445 0.877811 0.041304 0.996941 0.992593
0.002855 0.983348 0.998611 0.993847 0.980368 0.063947 0.998933 0.003303 0.001316 0.990251 0.988037 0.983154 0.994622 0.990307 0.091139 0.000465 0.995319 0.995041 0.999491 0.972072 0.000402 0.998399 0.978750 0.999873 0.001810 0.010843 0.001100 0.009754 0.995308 0.999159 0.748867 0.009778 0.999906 0.999736 0.999805 0.999052 0.002103 0.994411 0.001282 0.986163 0.009393 0.999810 0.001800 0.572848 0.001755 0.929024 0.997034 0.008322 0.002600 0.994949 0.000294 0.000035 0.009108 0.999842 0.999796 0.999978 0.996545 0.008410 0.002993 0.998008 0.962058 0.007818 0.998642 0.995481
0.003122 0.985218 0.998183 0.991859 0.977607 0.059636 0.998071 0.004796 0.002193 0.992106 0.992970 0.985096 0.996382 0.989604 0.116319 0.000442 0.996152 0.996323 0.999742 0.963809 0.000586 0.998619 0.963970 0.999855 0.001120 0.008042 0.000984 0.020562 0.988435 0.999214 0.712813 0.006702 0.999859 0.999847 0.999707 0.999127 0.002491 0.991712 0.001214 0.988239 0.007768 0.999728 0.001888 0.631575 0.001261 0.932762 0.997224 0.007361 0.002317 0.995941 0.000260 0.000059 0.005463 0.999909 0.999760 0.999984 0.996600 0.015594 0.003743 0.998573 0.947954 0.004501 0.998672 0.996426
0.003435 0.985695 0.997921 0.990075 0.954596 0.040905 0.998779 0.012459 0.002450 0.989959 0.989310 0.970566 0.995743 0.988476 0.217669 0.000466 0.995195 0.993356 0.999663 0.958477 0.000633 0.998102 0.932998 0.999773 0.001289 0.011879 0.000907 0.011592 0.986801 0.999464 0.588090 0.012732 0.999875 0.999725 0.999715 0.998901 0.002463 0.991065 0.001803 0.992700 0.011615 0.999762 0.001496 0.659127 0.000872 0.868659 0.997941 0.016039 0.003301 0.995439 0.000233 0.000021 0.018644 0.999890 0.999785 0.999984 0.994276 0.017344 0.003130 0.998250 0.910871 0.005741 0.999323 0.994489
0.000545 0.991907 0.997754 0.009074 0.000104 0.373913 0.999272 0.993525 0.000145 0.984683 0.000280 0.010450 0.997375 0.999878 0.999857 0.006911 0.946247 0.997186 0.991943 0.002069 0.000890 0.989324 0.000362 0.997892 0.666585 0.994726 0.000481 0.000446 0.588518 0.996061 0.002037 0.970653 0.996472 0.019666 0.978531 0.075653 0.010074 0.013359 0.015122 0.999977 0.008811 0.975633 0.003796 0.990684 0.001580 0.031339 0.999754 0.999500 0.995391 0.001200 0.011758 0.000610 0.993490 0.990057 0.999966 0.999004 0.002832 0.984239 0.007089 0.890542 0.339248 0.229255 0.998835 0.007286
0.000724 0.990218 0.995538 0.019110 0.000428 0.552586 0.999569 0.993070 0.000083 0.991925 0.000828 0.014927 0.995831 0.999810 0.999441 0.005531 0.986868 0.998400 0.992351 0.007441 0.001403 0.980668 0.000811 0.998797 0.628770 0.973045 0.000400 0.000722 0.775967 0.993676 0.004994 0.951850 0.998766 0.034812 0.977557 0.107168 0.005504 0.025098 0.017936 0.999927 0.002961 0.981088 0.006011 0.991786 0.002332 0.055202 0.999740 0.998641 0.988826 0.002363 0.012376 0.000375 0.974089 0.994761 0.999980 0.999281 0.005164 0.969493 0.004571 0.926345 0.651351 0.301903 0.998255 0.017011
0.000451 0.994126 0.998154 0.007038 0.000123 0.323575 0.999283 0.995142 0.000148 0.991825 0.000555 0.024628 0.993484 0.999726 0.999617 0.004869 0.927110 0.997469 0.993814 0.005019 0.002497 0.981523 0.000779 0.998707 0.857592 0.989429 0.000975 0.001078 0.352146 0.992804 0.007244 0.979082 0.996075 0.028270 0.969190 0.071516 0.006293 0.014418 0.011132 0.999933 0.020711 0.966788 0.006999 0.993786 0.001562 0.043289 0.999509 0.999531 0.995491 0.003460 0.017398 0.000680 0.990083 0.989615 0.999907 0.998233 0.001893 0.977608 0.006061 0.885044 0.250983 0.451817 0.997483 0.007321
0.000368 0.994790 0.996337 0.013225 0.000177 0.483928 0.999274 0.995077 0.000087 0.988886 0.000509 0.010670 0.994167 0.999851 0.999702 0.009152 0.973264 0.998393 0.993022 0.006656 0.001431 0.981380 0.000292 0.998646 0.722651 0.984836 0.000563 0.000312 0.678204 0.994583 0.005750 0.964846 0.997553 0.015355 0.986904 0.123460 0.005743 0.011838 0.008862 0.999952 0.006550 0.978044 0.006038 0.992370 0.001130 0.055845 0.999580 0.999478 0.994864 0.001731 0.013071 0.000603 0.983211 0.992314 0.999964 0.998249 0.003500 0.977817 0.004671 0.917602 0.428530 0.183210 0.998644 0.011962
0.000262 0.994749 0.996275 0.011130 0.000099 0.385134 0.999141 0.996765 0.000091 0.974822 0.000176 0.006700 0.996784 0.999893 0.999908 0.014279 0.962528 0.997440 0.991789 0.002332 0.001180 0.988853 0.000122 0.997817 0.572909 0.994532 0.000740 0.000324 0.408168 0.996196 0.002519 0.984965 0.996658 0.017808 0.967161 0.049892 0.012965 0.007200 0.014049 0.999956 0.006540 0.977398 0.004353 0.990753 0.001393 0.029151 0.999748 0.999519 0.997217 0.001860 0.024407 0.000728 0.994632 0.994989 0.999952 0.999077 0.001231 0.983516 0.004441 0.863258 0.421216 0.224102 0.999168 0.006315
0.000390 0.989478 0.995460 0.014984 0.000415 0.617958 0.999636 0.991710 0.000019 0.991343 0.001573 0.013689 0.998223 0.999900 0.999315 0.004632 0.983759 0.998659 0.997098 0.004449 0.000538 0.989927 0.000543 0.999484 0.365585 0.977409 0.000260 0.000526 0.788271 0.995025 0.010438 0.970159 0.999429 0.037578 0.981702 0.136694 0.003910 0.020456 0.010407 0.999957 0.003064 0.990530 0.008512 0.996328 0.002130 0.048151 0.999774 0.998024 0.992628 0.003862 0.008191 0.000284 0.976072 0.996583 0.999985 0.999696 0.002888 0.975044 0.002232 0.974225 0.585212 0.092582 0.998853 0.019817
0.000418 0.991345 0.995743 0.012099 0.000140 0.590204 0.999552 0.997141 0.000038 0.986684 0.000356 0.003767 0.997741 0.999865 0.999825 0.005351 0.971804 0.997146 0.996349 0.004089 0.000755 0.990815 0.000173 0.999336 0.379466 0.979908 0.000294 0.000291 0.649994 0.995553 0.005881 0.960594 0.999439 0.023991 0.985878 0.081398 0.004041 0.007852 0.012716 0.999914 0.004721 0.989411 0.007103 0.992999 0.001341 0.021593 0.999733 0.999257 0.995879 0.002562 0.009753 0.000316 0.987623 0.996587 0.999964 0.999350 0.002495 0.980707 0.001986 0.937018 0.580686 0.097719 0.999066 0.015462
0.000617 0.989351 0.997514 0.009416 0.000250 0.329858 0.999747 0.993968 0.000198 0.986166 0.000312 0.007981 0.995843 0.999811 0.999674 0.003381 0.973048 0.997486 0.991439 0.002294 0.000878 0.989903 0.000293 0.997910 0.732336 0.984479 0.000373 0.000575 0.314904 0.997068 0.003507 0.986460 0.997136 0.019168 0.983983 0.056274 0.006096 0.012503 0.014602 0.999969 0.004836 0.985697 0.003274 0.994337 0.001759 0.021680 0.999700 0.999086 0.994733 0.002888 0.008418 0.000451 0.989195 0.993635 0.999966 0.999189 0.002526 0.979337 0.004503 0.930328 0.248095 0.345037 0.999009 0.013054
0.000316 0.988807 0.996915 0.022651 0.000213 0.559066 0.999560 0.993840 0.000070 0.988083 0.000508 0.006915 0.995751 0.999869 0.999588 0.004665 0.969499 0.998307 0.995780 0.010340 0.000632 0.985416 0.000459 0.999530 0.523604 0.987255 0.000197 0.000907 0.574430 0.997189 0.005899 0.977416 0.999334 0.031468 0.983944 0.065008 0.002413 0.014934 0.017725 0.999973 0.005967 0.974372 0.007463 0.997190 0.002159 0.039764 0.999781 0.999038 0.990938 0.002688 0.010523 0.000293 0.988479 0.996859 0.999974 0.999733 0.002114 0.955986 0.003960 0.917387 0.465428 0.209874 0.999076 0.009638
0.000310 0.989594 0.997323 0.011568 0.000057 0.322907 0.999444 0.997905 0.000175 0.965951 0.000217 0.007202 0.996163 0.999726 0.999881 0.009981 0.965449 0.997628 0.993476 0.003644 0.001310 0.992016 0.000096 0.999207 0.453659 0.993118 0.000475 0.000601 0.449285 0.994696 0.003444 0.982381 0.997283 0.015464 0.970804 0.056525 0.011281 0.007014 0.009353 0.999936 0.005604 0.970885 0.003402 0.989264 0.001104 0.032974 0.999713 0.999678 0.997372 0.003474 0.015249 0.001166 0.995514 0.993224 0.999935 0.998790 0.001268 0.985363 0.003319 0.868150 0.301170 0.156357 0.999221 0.006615
0.998585 0.000399 0.002711 0.998330 0.983626 0.981996 0.000359 0.001482 0.997812 0.986603 0.955578 0.000225 0.999402 0.011937 0.096815 0.011684 0.000567 0.001065 0.950147 0.997652 0.002134 0.000286 0.987347 0.981339 0.007420 0.001117 0.002462 0.249579 0.000140 0.990913 0.801569 0.002375 0.999608 0.568521 0.978841 0.026587 0.027750 0.993908 0.998585 0.012376 0.996753 0.004885 0.998187 0.998018 0.999343 0.002912 0.002237 0.009894 0.000228 0.999701 0.017550 0.000244 0.000185 0.992521 0.002910 0.998974 0.999900 0.000572 0.998881 0.993095 0.549637 0.998377 0.036760 0.988369
0.999004 0.000434 0.004075 0.996754 0.971934 0.994120 0.000750 0.004194 0.998513 0.985029 0.913265 0.000108 0.998269 0.004489 0.013777 0.003623 0.001921 0.000934 0.970188 0.992458 0.017875 0.000341 0.988134 0.986893 0.011803 0.001096 0.001519 0.403527 0.000098 0.997006 0.762966 0.001112 0.999183 0.518548 0.960949 0.010603 0.019698 0.996916 0.998575 0.008553 0.995186 0.024270 0.998888 0.997774 0.999576 0.003528 0.010411 0.003120 0.000461 0.999346 0.012319 0.000346 0.000384 0.988274 0.001115 0.997880 0.999883 0.000607 0.999400 0.980103 0.686543 0.998972 0.015543 0.995774
0.998164 0.000217 0.001352 0.997078 0.973141 0.986545 0.000187 0.002482 0.999222 0.985493 0.884204 0.000383 0.999203 0.007114 0.101656 0.014027 0.000520 0.000813 0.965561 0.997030 0.004086 0.000092 0.959499 0.971664 0.011109 0.001248 0.001417 0.482040 0.000304 0.998457 0.634243 0.001462 0.999813 0.644164 0.971692 0.031647 0.028258 0.996843 0.999154 0.011860 0.999124 0.003985 0.998147 0.998928 0.999547 0.004680 0.002598 0.010317 0.000177 0.999675 0.016556 0.000524 0.000458 0.993200 0.001040 0.998154 0.999931 0.000360 0.999075 0.988330 0.609029 0.999105 0.022429 0.993125
0.998628 0.000789 0.005554 0.998508 0.995338 0.990033 0.000259 0.001729 0.998995 0.987692 0.941347 0.000354 0.999561 0.003222 0.029320 0.010851 0.001136 0.001657 0.924077 0.995384 0.008196 0.000643 0.996815 0.982358 0.020840 0.000937 0.003340 0.671600 0.000274 0.998718 0.819212 0.000643 0.999328 0.848653 0.982897 0.010942 0.074140 0.998080 0.997952 0.004249 0.996949 0.006924 0.993245 0.997448 0.999152 0.004720 0.006096 0.004943 0.000098 0.999850 0.012698 0.000250 0.000636 0.994290 0.000804 0.997828 0.999934 0.000541 0.999128 0.987604 0.634568 0.998514 0.025307 0.997407
0.997799 0.000085 0.001812 0.999127 0.965619 0.990746 0.000351 0.001641 0.998821 0.981281 0.883016 0.000029 0.998767 0.004663 0.095604 0.008623 0.000370 0.000558 0.949315 0.998295 0.002853 0.000114 0.943392 0.992802 0.007155 0.000761 0.001808 0.287520 0.000124 0.994044 0.735285 0.001712 0.999771 0.437225 0.946066 0.012917 0.016748 0.994716 0.999047 0.011090 0.998297 0.002827 0.999375 0.998090 0.999784 0.001465 0.002015 0.008969 0.000212 0.999465 0.010192 0.000148 0.000260 0.990057 0.000581 0.998136 0.999940 0.000349 0.998951 0.978825 0.757829 0.999760 0.013417 0.988075
0.001493 0.000591 0.004572 0.997858 0.001718 0.998231 0.018573 0.997288 0.000606 0.968456 0.001016 0.000421 0.999843 0.999141 0.998975 0.964092 0.010078 0.120249 0.022458 0.992000 0.003239 0.000301 0.000508 0.998335 0.025135 0.997398 0.001130 0.002115 0.055000 0.999514 0.006570 0.004761 0.999071 0.041301 0.037058 0.001421 0.003473 0.001062 0.997871 0.991601 0.998921 0.032629 0.999107 0.974143 0.009040 0.067443 0.959131 0.998348 0.998590 0.000485 0.989566 0.000334 0.998610 0.997230 0.998259 0.999371 0.000568 0.008145 0.005010 0.010102 0.824904 0.999879 0.975170 0.002177
0.004699 0.000310 0.003861 0.996351 0.002827 0.997989 0.019254 0.994815 0.000796 0.950990 0.000694 0.000422 0.999795 0.999057 0.999169 0.966598 0.005359 0.029109 0.026708 0.983894 0.002624 0.000136 0.000252 0.997878 0.011707 0.996242 0.000519 0.001901 0.043675 0.999396 0.006159 0.003251 0.999465 0.044549 0.022312 0.000520 0.002605 0.002926 0.998179 0.988749 0.998949 0.014608 0.999613 0.989372 0.016802 0.020476 0.980394 0.997949 0.999343 0.000610 0.994103 0.000239 0.998526 0.998106 0.994925 0.999597 0.001005 0.007152 0.005871 0.011203 0.781337 0.999943 0.957934 0.001845
0.000758 0.000379 0.001118 0.997068 0.001672 0.996338 0.011107 0.996383 0.001934 0.938293 0.000214 0.000357 0.999671 0.998851 0.999112 0.968856 0.004440 0.164018 0.016016 0.993787 0.004259 0.000152 0.000164 0.996978 0.022483 0.997833 0.001245 0.001437 0.013103 0.999858 0.005344 0.003520 0.999622 0.047698 0.058227 0.000300 0.003590 0.000577 0.995080 0.994630 0.998927 0.021764 0.999686 0.980560 0.009963 0.031510 0.978255 0.999505 0.999038 0.000645 0.995565 0.000226 0.999163 0.998939 0.992544 0.999552 0.000646 0.003405 0.002845 0.005255 0.886114 0.999971 0.984919 0.001299
0.001117 0.000656 0.002662 0.990772 0.001074 0.998122 0.016383 0.997385 0.000739 0.932313 0.000318 0.000498 0.999268 0.999221 0.999263 0.969760 0.006103 0.074693 0.020064 0.987032 0.002683 0.000222 0.000312 0.996365 0.017064 0.998072 0.000585 0.002330 0.044951 0.999848 0.002872 0.004854 0.999239 0.033924 0.025172 0.000697 0.003670 0.001338 0.998105 0.995652 0.998694 0.029953 0.999562 0.980131 0.014097 0.035398 0.961810 0.998798 0.999413 0.000345 0.995366 0.000112 0.999341 0.996793 0.994181 0.999529 0.000348 0.004117 0.003680 0.004266 0.958252 0.999925 0.978138 0.000720
0.000243 0.001043 0.008374 0.994646 0.003835 0.998381 0.040558 0.997103 0.002639 0.962276 0.000545 0.000796 0.999579 0.999187 0.997929 0.962857 0.007206 0.056790 0.055130 0.988483 0.006378 0.000542 0.001391 0.996473 0.022929 0.997501 0.000747 0.004089 0.061816 0.999946 0.005279 0.004320 0.999270 0.138096 0.045404 0.001267 0.002824 0.001606 0.993719 0.998505 0.997923 0.016847 0.998836 0.973845 0.037708 0.080038 0.957455 0.998744 0.998548 0.000671 0.994759 0.000158 0.998903 0.997573 0.983801 0.999451 0.000599 0.006272 0.003427 0.013772 0.946943 0.999905 0.982369 0.002027
