0.999931 0.005404 0.000820 0.999848 0.000382 0.978948 0.999760 0.000187 0.003889 0.988122 0.994289 0.999685 0.998971 0.000756 0.000161 0.000039 0.999995 0.986901 0.000096 0.000180 0.001382 0.000344 0.999148 0.982847 0.999814 0.988375 0.999940 0.979879 0.999216 0.000003 0.000417 0.997933
0.999980 0.026261 0.000591 0.999920 0.000405 0.986279 0.999667 0.000136 0.012773 0.991503 0.996372 0.999785 0.998373 0.001190 0.000334 0.000014 0.999993 0.978370 0.000124 0.000151 0.000481 0.000338 0.999355 0.976586 0.999642 0.995816 0.999925 0.949747 0.999666 0.000002 0.000408 0.999533
0.999946 0.018599 0.000956 0.999871 0.000279 0.971767 0.999706 0.000201 0.004507 0.986763 0.993537 0.999799 0.998113 0.000701 0.000263 0.000028 0.999988 0.986711 0.000225 0.000125 0.001457 0.000455 0.999314 0.977810 0.999739 0.993100 0.999845 0.971442 0.999209 0.000002 0.000309 0.998928
0.999957 0.013696 0.001607 0.999882 0.000052 0.991340 0.999758 0.000137 0.006893 0.995363 0.994860 0.999853 0.998334 0.000983 0.000265 0.000011 0.999994 0.994718 0.000139 0.000168 0.000774 0.000200 0.999681 0.979514 0.999795 0.996650 0.999725 0.972493 0.999648 0.000003 0.000264 0.999320
0.999928 0.018395 0.002196 0.999912 0.000155 0.995138 0.999631 0.000139 0.004228 0.996664 0.989975 0.999646 0.996509 0.000784 0.000309 0.000026 0.999982 0.991373 0.000129 0.000420 0.000686 0.000420 0.999780 0.968120 0.999452 0.993521 0.999727 0.946683 0.999419 0.000005 0.000879 0.997719
0.999924 0.004917 0.000575 0.999902 0.000177 0.993041 0.999750 0.000243 0.002363 0.995173 0.995111 0.999550 0.999013 0.001444 0.000193 0.000024 0.999997 0.995177 0.000040 0.000273 0.000356 0.000067 0.999221 0.987992 0.999919 0.996036 0.999838 0.984383 0.999714 0.000005 0.000198 0.998113
0.999924 0.019162 0.001823 0.999835 0.000786 0.945257 0.999824 0.000465 0.008510 0.991521 0.990757 0.999756 0.996311 0.001534 0.000340 0.000040 0.999981 0.990123 0.000267 0.000233 0.001875 0.000252 0.999598 0.970523 0.999936 0.993976 0.999796 0.966568 0.999401 0.000004 0.000204 0.998523
0.999948 0.009357 0.000939 0.999889 0.000141 0.990899 0.999809 0.000356 0.009699 0.995927 0.992582 0.999814 0.998537 0.001900 0.000213 0.000013 0.999995 0.996844 0.000128 0.000139 0.000266 0.000124 0.999682 0.982596 0.999927 0.994684 0.999710 0.971759 0.999473 0.000004 0.000291 0.998458
0.999839 0.005620 0.000427 0.999067 0.000144 0.987588 0.999879 0.000151 0.001133 0.996270 0.972488 0.999522 0.999417 0.003040 0.000097 0.000041 0.999999 0.997696 0.000009 0.000697 0.000753 0.000006 0.998397 0.974193 0.999962 0.987648 0.999960 0.997061 0.999337 0.000003 0.000226 0.998827
0.999907 0.004856 0.000533 0.999679 0.000169 0.980950 0.999829 0.000131 0.004646 0.994875 0.995871 0.999676 0.998097 0.001428 0.000050 0.000045 0.999993 0.993160 0.000049 0.000437 0.001166 0.000269 0.999216 0.975734 0.999886 0.994562 0.999613 0.986145 0.999797 0.000005 0.000202 0.998205
0.999883 0.004593 0.000376 0.999673 0.000229 0.978890 0.999783 0.000106 0.003934 0.994473 0.996264 0.999540 0.998502 0.001903 0.000034 0.000066 0.999995 0.992106 0.000049 0.000365 0.000434 0.000137 0.998991 0.979703 0.999929 0.996471 0.999691 0.988328 0.999746 0.000005 0.000225 0.998284
0.999908 0.007108 0.000381 0.999830 0.000132 0.988083 0.999860 0.000119 0.003179 0.997826 0.993244 0.999746 0.998962 0.001125 0.000075 0.000041 0.999998 0.994383 0.000042 0.000421 0.000677 0.000026 0.999549 0.984132 0.999805 0.996012 0.999828 0.988246 0.999596 0.000003 0.000144 0.998865
0.999974 0.018124 0.001376 0.999879 0.000247 0.979763 0.999509 0.000212 0.006136 0.985619 0.997142 0.999697 0.998004 0.001055 0.000274 0.000018 0.999991 0.990593 0.000089 0.000134 0.000565 0.000168 0.999236 0.981729 0.999635 0.992258 0.999853 0.969279 0.999482 0.000005 0.000330 0.998936
0.999934 0.011302 0.000169 0.999655 0.000367 0.989435 0.999588 0.000172 0.004584 0.995984 0.995499 0.999702 0.999412 0.002217 0.000215 0.000023 0.999997 0.994705 0.000056 0.000601 0.000284 0.000090 0.998707 0.977855 0.999844 0.994298 0.999809 0.983800 0.999728 0.000010 0.000333 0.998949
0.999927 0.007767 0.000622 0.999811 0.000101 0.988144 0.999840 0.000091 0.003676 0.997575 0.992470 0.999781 0.998601 0.001009 0.000072 0.000038 0.999998 0.994743 0.000046 0.000297 0.000759 0.000025 0.999585 0.981440 0.999829 0.995089 0.999838 0.991915 0.999646 0.000002 0.000148 0.998628
0.000157 0.002002 0.999917 0.000610 0.000766 0.998394 0.999934 0.559930 0.999933 0.945811 0.996905 0.000262 0.000208 0.005220 0.000154 0.987731 0.003841 0.998772 0.998634 0.962247 0.997271 0.998821 0.999591 0.000209 0.999923 0.000015 0.007241 0.997323 0.000901 0.999451 0.002011 0.000016
0.001738 0.001685 0.999565 0.004609 0.000377 0.998781 0.999990 0.307673 0.999947 0.995865 0.998958 0.003250 0.000992 0.001245 0.000053 0.994005 0.003298 0.999420 0.998114 0.994403 0.997842 0.999180 0.999664 0.000242 0.999977 0.000118 0.004759 0.999094 0.004223 0.999746 0.001425 0.000164
0.000955 0.001569 0.999754 0.004215 0.000867 0.997847 0.999983 0.424549 0.999967 0.995959 0.998800 0.002404 0.000806 0.001257 0.000080 0.994155 0.002438 0.997681 0.999030 0.994754 0.999153 0.999495 0.999737 0.000154 0.999963 0.000039 0.002707 0.997974 0.002365 0.999659 0.001462 0.000076
0.001113 0.003405 0.999755 0.002589 0.000576 0.997394 0.999975 0.491105 0.999978 0.996530 0.998141 0.003229 0.000588 0.001444 0.000194 0.995094 0.002091 0.997511 0.999388 0.995039 0.999419 0.999536 0.999797 0.000142 0.999891 0.000038 0.002786 0.996103 0.001425 0.999583 0.002892 0.000111
0.001200 0.003022 0.999774 0.002609 0.000538 0.997254 0.999944 0.363461 0.999966 0.995187 0.999104 0.001282 0.000993 0.002101 0.000254 0.996853 0.001787 0.997659 0.999628 0.997690 0.999190 0.999581 0.999821 0.000075 0.999885 0.000082 0.004768 0.997177 0.002131 0.999382 0.003378 0.000100
0.001093 0.002854 0.999684 0.002797 0.000478 0.998475 0.999971 0.333956 0.999964 0.994295 0.999098 0.002883 0.000645 0.001746 0.000109 0.994207 0.003040 0.997716 0.999275 0.995906 0.998189 0.999550 0.999822 0.000132 0.999889 0.000056 0.002383 0.996627 0.002215 0.999282 0.001640 0.000148
0.000772 0.003282 0.999771 0.003156 0.000314 0.997577 0.999956 0.275753 0.999947 0.995035 0.999438 0.002595 0.000573 0.001801 0.000105 0.996013 0.002842 0.998916 0.999272 0.996269 0.998938 0.999364 0.999799 0.000080 0.999968 0.000058 0.005019 0.997249 0.003124 0.999387 0.002231 0.000126
0.000924 0.004074 0.999684 0.004889 0.000448 0.997582 0.999956 0.242225 0.999976 0.993923 0.999381 0.005026 0.000976 0.001612 0.000205 0.993126 0.003103 0.998025 0.999126 0.993700 0.999164 0.999359 0.999859 0.000124 0.999949 0.000084 0.005642 0.996471 0.001964 0.999257 0.002996 0.000213
0.000851 0.003241 0.999686 0.004015 0.000526 0.998452 0.999969 0.274413 0.999952 0.994391 0.999308 0.005646 0.000868 0.002283 0.000128 0.993374 0.002056 0.998548 0.999312 0.992817 0.999035 0.999470 0.999841 0.000113 0.999939 0.000113 0.004536 0.997565 0.002353 0.999194 0.002641 0.000147
0.001283 0.002535 0.999310 0.004304 0.000577 0.998231 0.999972 0.204996 0.999956 0.995228 0.998984 0.003740 0.001685 0.001776 0.000075 0.995243 0.003877 0.998845 0.999493 0.997454 0.997657 0.999387 0.999726 0.000127 0.999963 0.000060 0.006797 0.995024 0.003235 0.999619 0.002500 0.000160
0.000826 0.003581 0.999830 0.005453 0.000714 0.997889 0.999963 0.388467 0.999979 0.986918 0.998243 0.003934 0.000743 0.001812 0.000167 0.992059 0.002834 0.997414 0.999226 0.995330 0.999438 0.999285 0.999854 0.000095 0.999925 0.000025 0.004006 0.997205 0.003476 0.999115 0.001283 0.000080
0.000099 0.003171 0.999934 0.000163 0.001356 0.996193 0.999488 0.951806 0.999953 0.008426 0.999099 0.000922 0.000084 0.001306 0.000914 0.985426 0.001165 0.997004 0.998664 0.953051 0.998510 0.999475 0.999670 0.000072 0.998906 0.000051 0.002954 0.994995 0.003087 0.997356 0.001658 0.000123
0.000379 0.001950 0.999985 0.000523 0.000258 0.998732 0.999881 0.928261 0.999765 0.005965 0.998719 0.000522 0.000011 0.000689 0.000529 0.981795 0.001556 0.999185 0.999424 0.903647 0.998472 0.999668 0.999741 0.000015 0.999662 0.000038 0.002857 0.997513 0.000530 0.998719 0.000878 0.000077
0.000221 0.001432 0.999976 0.000271 0.000240 0.996795 0.999941 0.936278 0.999838 0.003170 0.998730 0.000707 0.000009 0.000950 0.000301 0.986710 0.001091 0.998116 0.998907 0.759991 0.998050 0.999222 0.999204 0.000041 0.999593 0.000051 0.002996 0.996722 0.001005 0.998981 0.000900 0.000057
0.000417 0.000803 0.999990 0.000157 0.000251 0.999416 0.999937 0.913526 0.999751 0.008958 0.998710 0.000327 0.000014 0.002115 0.000514 0.984914 0.001711 0.999118 0.999264 0.788566 0.998695 0.999584 0.999737 0.000013 0.999852 0.000144 0.002138 0.996635 0.000394 0.996596 0.001451 0.000034
0.007530 0.003021 0.998774 0.014155 0.000681 0.979362 0.999911 0.001260 0.212112 0.000639 0.037300 0.005767 0.049489 0.001677 0.000017 0.004148 0.999280 0.997920 0.001456 0.001496 0.999527 0.002450 0.999746 0.003919 0.999987 0.000517 0.999472 0.995625 0.019353 0.000182 0.000001 0.000749
0.005129 0.003052 0.998845 0.003434 0.000596 0.990304 0.999940 0.000936 0.177993 0.000668 0.028135 0.010950 0.011631 0.001428 0.000020 0.002605 0.999095 0.998420 0.001444 0.002177 0.999906 0.001170 0.999795 0.001066 0.999993 0.000156 0.999764 0.990203 0.010488 0.000114 0.000001 0.000245
0.015979 0.004719 0.999378 0.003405 0.000461 0.988359 0.999962 0.000842 0.121722 0.000551 0.021464 0.007250 0.015308 0.002402 0.000026 0.002812 0.999449 0.998544 0.001412 0.002740 0.999546 0.000525 0.999852 0.000498 0.999996 0.000566 0.999793 0.991704 0.010600 0.000136 0.000001 0.000200
0.010307 0.002769 0.999294 0.003405 0.000726 0.986559 0.999890 0.000990 0.066583 0.000371 0.025353 0.005133 0.010724 0.001356 0.000013 0.005796 0.999413 0.998836 0.001314 0.004946 0.999495 0.000757 0.999702 0.001143 0.999993 0.000294 0.999864 0.995540 0.011420 0.000189 0.000001 0.000275
0.005260 0.002865 0.999401 0.005799 0.001113 0.978151 0.999878 0.000855 0.187595 0.001134 0.030736 0.005649 0.024980 0.000936 0.000012 0.004853 0.998616 0.998029 0.001536 0.005057 0.999787 0.001467 0.999901 0.003046 0.999993 0.000136 0.999831 0.994431 0.018121 0.000189 0.000001 0.000304
0.003784 0.010274 0.999542 0.004432 0.000753 0.923245 0.999901 0.000749 0.123456 0.000336 0.001502 0.004699 0.003489 0.001408 0.000011 0.004406 0.999851 0.998186 0.002890 0.004320 0.999932 0.001526 0.999645 0.005162 0.999969 0.000021 0.999990 0.993890 0.017111 0.000138 0.000004 0.000061
0.004702 0.003143 0.997910 0.004255 0.001072 0.929005 0.999985 0.001556 0.111554 0.000067 0.018928 0.004537 0.017429 0.005293 0.000007 0.002824 0.999709 0.998922 0.000852 0.004669 0.999901 0.001314 0.999263 0.009280 0.999994 0.000080 0.999995 0.995702 0.007145 0.000132 0.000001 0.000114
0.013356 0.003268 0.999440 0.008497 0.001360 0.896310 0.999935 0.000855 0.120580 0.000112 0.005322 0.002195 0.015726 0.002729 0.000011 0.003063 0.999968 0.998110 0.000679 0.001043 0.999652 0.000616 0.999606 0.006455 0.999996 0.000060 0.999996 0.996049 0.015551 0.000159 0.000001 0.000246
0.004108 0.004757 0.999530 0.005997 0.000499 0.979537 0.999982 0.000345 0.094737 0.000029 0.005985 0.003863 0.005172 0.001668 0.000015 0.003189 0.999966 0.997784 0.000909 0.006199 0.999965 0.000828 0.999743 0.001521 0.999995 0.000041 0.999998 0.992877 0.005613 0.000164 0.000002 0.000048
0.002631 0.004440 0.999173 0.002151 0.000758 0.934124 0.999984 0.000731 0.150757 0.000144 0.015125 0.004610 0.028136 0.003371 0.000005 0.001930 0.999904 0.997057 0.000452 0.004655 0.999962 0.000603 0.999756 0.010326 0.999997 0.000021 0.999998 0.997902 0.009805 0.000186 0.000001 0.000057
0.999938 0.999999 0.999601 0.999982 0.995724 0.000342 0.000190 0.000586 0.999969 0.997168 0.002457 0.999994 0.004234 0.000691 0.999884 0.000337 0.003441 0.000001 0.999831 0.000410 0.992059 0.999183 0.997089 0.000726 0.000107 0.999368 0.007434 0.000000 0.998594 0.000031 0.999855 0.998605
0.999951 0.999999 0.999599 0.999980 0.994774 0.000317 0.000219 0.000694 0.999963 0.994879 0.002535 0.999990 0.006192 0.000789 0.999928 0.000374 0.003860 0.000001 0.999779 0.000408 0.993469 0.998968 0.996961 0.000558 0.000113 0.999528 0.010410 0.000000 0.998715 0.000036 0.999772 0.998578
0.999948 0.999999 0.999801 0.999983 0.996214 0.000134 0.000196 0.000705 0.999967 0.995727 0.001735 0.999990 0.004305 0.001657 0.999951 0.000841 0.003241 0.000001 0.999853 0.000521 0.993101 0.999358 0.994060 0.000596 0.000075 0.999145 0.005698 0.000000 0.998242 0.000066 0.999854 0.997782
0.999948 0.999999 0.999873 0.999984 0.995984 0.000142 0.000138 0.000689 0.999971 0.995238 0.001119 0.999988 0.002665 0.001235 0.999958 0.000530 0.003061 0.000001 0.999857 0.000398 0.995431 0.999323 0.993725 0.000561 0.000115 0.999064 0.006121 0.000000 0.998127 0.000051 0.999866 0.997657
0.999959 0.999908 0.997649 0.999957 0.991057 0.000876 0.000259 0.000489 0.999762 0.991943 0.018974 0.999986 0.009316 0.001263 0.998938 0.001301 0.006674 0.000078 0.999750 0.001742 0.963964 0.998322 0.997572 0.002566 0.000775 0.999663 0.016253 0.000018 0.996205 0.000069 0.999156 0.993268
0.999844 0.999999 0.999632 0.999958 0.996946 0.000218 0.000116 0.000786 0.999972 0.994299 0.001373 0.999977 0.006495 0.001948 0.999961 0.000476 0.002304 0.000003 0.999812 0.000574 0.991235 0.999059 0.994537 0.000535 0.000105 0.998889 0.006364 0.000001 0.996398 0.000065 0.999688 0.998052
0.999977 0.999999 0.999731 0.999962 0.997896 0.000280 0.000105 0.000755 0.999930 0.994547 0.001781 0.999988 0.004361 0.001615 0.999936 0.000745 0.005590 0.000001 0.999810 0.000351 0.981614 0.999200 0.997035 0.000719 0.000126 0.999381 0.007652 0.000000 0.997539 0.000048 0.999832 0.997843
0.999983 0.999998 0.999349 0.999981 0.996568 0.000474 0.000183 0.000937 0.999851 0.995996 0.001108 0.999994 0.007039 0.002028 0.999940 0.000811 0.007821 0.000001 0.999829 0.000812 0.985840 0.998978 0.996548 0.001345 0.000107 0.999039 0.010302 0.000000 0.996828 0.000054 0.999666 0.998834
0.999975 0.999999 0.999447 0.999978 0.995817 0.000226 0.000158 0.000940 0.999827 0.991094 0.001259 0.999990 0.015248 0.002238 0.999906 0.000774 0.009553 0.000001 0.999727 0.000845 0.984937 0.999232 0.992105 0.001175 0.000204 0.998641 0.017090 0.000001 0.996019 0.000055 0.999739 0.998478
0.999930 0.999999 0.999845 0.999975 0.996745 0.000159 0.000116 0.000759 0.999962 0.994852 0.001371 0.999988 0.002318 0.001601 0.999939 0.000575 0.002944 0.000001 0.999703 0.000616 0.995612 0.999518 0.992738 0.000617 0.000118 0.999053 0.008491 0.000000 0.997645 0.000064 0.999866 0.996886
0.999888 0.999998 0.999628 0.999952 0.996663 0.000206 0.000075 0.000708 0.999966 0.992310 0.005070 0.999987 0.004348 0.001357 0.999932 0.000384 0.002799 0.000005 0.999742 0.000329 0.987489 0.998848 0.996614 0.000416 0.000144 0.999608 0.005230 0.000002 0.998716 0.000039 0.999796 0.997638
0.999957 0.999997 0.999389 0.999986 0.993808 0.000542 0.000245 0.000771 0.999979 0.994686 0.002644 0.999986 0.004876 0.001662 0.999899 0.000595 0.003418 0.000003 0.999832 0.000357 0.991644 0.999275 0.995115 0.000353 0.000168 0.999554 0.008592 0.000001 0.996322 0.000053 0.999521 0.998255
0.999967 0.999997 0.999389 0.999983 0.995403 0.000615 0.000189 0.000757 0.999964 0.991121 0.001950 0.999982 0.003506 0.001577 0.999892 0.000465 0.002397 0.000006 0.999853 0.000456 0.992250 0.999160 0.994400 0.000672 0.000205 0.999610 0.007422 0.000001 0.998152 0.000033 0.999693 0.998629
0.999968 0.999998 0.999586 0.999984 0.996440 0.000543 0.000153 0.000623 0.999959 0.994559 0.001413 0.999981 0.008417 0.002701 0.999909 0.000307 0.005072 0.000003 0.999740 0.000300 0.989419 0.998449 0.991816 0.000882 0.000126 0.999238 0.006074 0.000000 0.998425 0.000035 0.999816 0.998210
0.999941 0.999997 0.999566 0.999954 0.996431 0.000322 0.000163 0.000237 0.999985 0.996416 0.003739 0.999974 0.003736 0.000677 0.999853 0.000783 0.001125 0.000003 0.999896 0.000550 0.987062 0.999666 0.998122 0.000567 0.000163 0.999144 0.004794 0.000001 0.997809 0.000103 0.999735 0.997526
0.004069 0.028366 0.000110 0.008682 0.995131 0.996259 0.000438 0.998959 0.020410 0.995973 0.999532 0.002844 0.997445 0.999809 0.999156 0.998760 0.667047 0.989218 0.003275 0.999432 0.000002 0.010086 0.000007 0.998049 0.000178 0.996981 0.002139 0.997405 0.999668 0.999538 0.998415 0.998948
0.000445 0.009689 0.000048 0.001472 0.997766 0.997720 0.000187 0.999693 0.028845 0.998308 0.999731 0.000184 0.998021 0.999970 0.999820 0.999865 0.484436 0.997475 0.002355 0.999482 0.000009 0.003176 0.000003 0.999278 0.000094 0.998215 0.002307 0.999483 0.999584 0.999899 0.999596 0.997917
0.000572 0.004055 0.000031 0.001325 0.996442 0.998830 0.000279 0.999836 0.010651 0.998368 0.999866 0.000321 0.996599 0.999977 0.999822 0.999476 0.360118 0.998254 0.000507 0.998884 0.000005 0.003337 0.000004 0.999611 0.000102 0.997952 0.002102 0.999561 0.999545 0.999716 0.999282 0.998972
0.000903 0.002535 0.000061 0.002056 0.996725 0.997494 0.000244 0.999738 0.017160 0.999049 0.999871 0.001040 0.996159 0.999967 0.999559 0.999557 0.373787 0.997650 0.000524 0.998494 0.000002 0.002273 0.000007 0.998856 0.000135 0.998150 0.001861 0.999699 0.999415 0.999704 0.999470 0.998523
0.000556 0.007588 0.000068 0.001569 0.997006 0.998550 0.000095 0.999812 0.022360 0.998698 0.999863 0.000357 0.994781 0.999971 0.999853 0.999696 0.372832 0.997897 0.000830 0.998701 0.000004 0.003240 0.000004 0.999127 0.000070 0.997756 0.001920 0.999310 0.999596 0.999705 0.999729 0.998954
0.000632 0.006827 0.000045 0.002047 0.998086 0.999015 0.000278 0.999842 0.009648 0.998191 0.999691 0.000329 0.997372 0.999963 0.999877 0.999311 0.461387 0.997231 0.000712 0.999303 0.000002 0.005852 0.000005 0.999793 0.000073 0.997742 0.002612 0.999123 0.999314 0.999823 0.999583 0.998994
0.001500 0.006364 0.000051 0.002086 0.997898 0.998951 0.000133 0.999797 0.013833 0.998776 0.999841 0.000614 0.997588 0.999978 0.999883 0.999594 0.477952 0.998267 0.000827 0.998946 0.000002 0.005594 0.000003 0.999332 0.000069 0.998761 0.001709 0.999452 0.999633 0.999768 0.999721 0.998974
0.000440 0.005840 0.000089 0.001117 0.996270 0.999282 0.000141 0.999765 0.021522 0.998389 0.999825 0.000248 0.995861 0.999980 0.999787 0.999682 0.468359 0.997612 0.001183 0.998872 0.000004 0.004311 0.000003 0.999380 0.000085 0.997290 0.001528 0.999644 0.999499 0.999801 0.999704 0.998693
0.000599 0.004661 0.000052 0.001365 0.997591 0.999182 0.000118 0.999826 0.012565 0.997953 0.999784 0.000379 0.996509 0.999980 0.999866 0.999653 0.420446 0.997705 0.000969 0.999143 0.000005 0.007114 0.000005 0.999617 0.000074 0.998046 0.002056 0.998906 0.999321 0.999879 0.999742 0.998766
0.001026 0.006590 0.000044 0.001765 0.997985 0.998360 0.000166 0.999803 0.016448 0.998863 0.999880 0.000600 0.997262 0.999981 0.999851 0.999591 0.333467 0.997326 0.000854 0.998549 0.000004 0.005103 0.000004 0.999465 0.000092 0.998758 0.001658 0.999393 0.999586 0.999791 0.999809 0.999071
0.001249 0.016817 0.000036 0.003253 0.997762 0.995405 0.000167 0.999800 0.021599 0.995917 0.999845 0.000728 0.998335 0.999959 0.999820 0.999857 0.416903 0.996642 0.001335 0.999704 0.000003 0.003327 0.000004 0.999468 0.000075 0.998264 0.002349 0.999354 0.999301 0.999879 0.999698 0.999302
0.001833 0.244870 0.000195 0.004918 0.997210 0.982287 0.000366 0.999360 0.053423 0.997034 0.999306 0.000907 0.998412 0.999525 0.999334 0.999032 0.734251 0.991367 0.002447 0.998993 0.000031 0.006902 0.000055 0.997713 0.000200 0.996894 0.002085 0.997947 0.999007 0.999124 0.996603 0.998863
0.001317 0.003660 0.000084 0.002439 0.998019 0.998314 0.000148 0.999745 0.014479 0.998841 0.999757 0.000625 0.994966 0.999973 0.999872 0.999574 0.307219 0.998095 0.000606 0.998727 0.000003 0.003950 0.000005 0.999304 0.000083 0.997522 0.002027 0.999169 0.999492 0.999573 0.999703 0.997638
0.001442 0.005004 0.000049 0.002892 0.997920 0.998557 0.000208 0.999773 0.019925 0.998781 0.999869 0.000726 0.997571 0.999980 0.999837 0.999462 0.456386 0.997646 0.000739 0.998980 0.000002 0.005872 0.000002 0.999489 0.000106 0.998620 0.001256 0.999373 0.999578 0.999784 0.999733 0.998736
0.001016 0.013302 0.000056 0.003533 0.998682 0.998021 0.000146 0.999921 0.012304 0.998242 0.999620 0.000759 0.998639 0.999970 0.999876 0.999537 0.539118 0.996360 0.002612 0.999720 0.000002 0.006860 0.000003 0.999377 0.000035 0.997447 0.002316 0.999047 0.999541 0.999941 0.999724 0.998930
0.999502 0.999669 0.001999 0.995252 0.999957 0.000290 0.000029 0.997486 0.004307 0.011231 0.006749 0.998944 0.995920 0.997884 0.999921 0.976215 0.002793 0.000029 0.995448 0.940952 0.002357 0.996193 0.000283 0.997408 0.000002 0.999049 0.002508 0.000040 0.017306 0.998290 0.999966 0.997470
0.997699 0.999191 0.001901 0.972801 0.999897 0.001770 0.000025 0.998775 0.005055 0.018687 0.011082 0.994921 0.994577 0.999190 0.999951 0.975970 0.002116 0.000413 0.981246 0.971606 0.001527 0.987969 0.000296 0.999158 0.000007 0.998842 0.004983 0.000714 0.040225 0.995480 0.999945 0.996612
0.998821 0.999441 0.004243 0.991575 0.999958 0.000617 0.000012 0.998621 0.005457 0.019053 0.005189 0.995914 0.993818 0.998307 0.999905 0.975984 0.003191 0.000087 0.997484 0.933304 0.002278 0.986975 0.000323 0.996613 0.000008 0.998699 0.009763 0.000066 0.022967 0.998256 0.999936 0.994323
0.998685 0.999544 0.001947 0.992171 0.999909 0.000319 0.000017 0.998794 0.004867 0.010268 0.003968 0.998376 0.993049 0.999258 0.999915 0.972021 0.001506 0.000101 0.995914 0.938845 0.002378 0.993244 0.000126 0.997858 0.000010 0.999019 0.005019 0.000250 0.021899 0.997835 0.999977 0.995041
0.999692 0.999859 0.002399 0.993642 0.999940 0.000508 0.000005 0.997298 0.002617 0.008294 0.005442 0.999089 0.994034 0.999012 0.999933 0.962972 0.001359 0.000024 0.996173 0.949129 0.003328 0.997627 0.000381 0.997687 0.000003 0.998626 0.006464 0.000026 0.022249 0.995944 0.999981 0.997132
0.993989 0.999120 0.000726 0.961365 0.999942 0.001597 0.000008 0.999325 0.003264 0.010541 0.009615 0.989824 0.998421 0.999747 0.999971 0.991230 0.002096 0.000750 0.988388 0.982818 0.000605 0.982699 0.000058 0.999734 0.000006 0.998372 0.005361 0.000839 0.034347 0.998845 0.999978 0.998707
0.999325 0.999726 0.001896 0.994682 0.999875 0.000523 0.000009 0.998636 0.001603 0.012318 0.003591 0.997112 0.996287 0.999729 0.999936 0.984104 0.002270 0.000032 0.996190 0.958338 0.001284 0.996789 0.000099 0.999269 0.000005 0.998870 0.006575 0.000090 0.020125 0.998709 0.999987 0.997753
0.999005 0.999741 0.001373 0.986897 0.999958 0.000260 0.000020 0.997097 0.005317 0.015296 0.006137 0.998013 0.995328 0.996666 0.999954 0.980809 0.001824 0.000097 0.993524 0.946719 0.002062 0.992863 0.000135 0.998393 0.000003 0.999029 0.004895 0.000146 0.024372 0.998698 0.999942 0.995354
0.998357 0.999416 0.001649 0.974267 0.999963 0.001006 0.000022 0.999453 0.002400 0.003728 0.007012 0.994168 0.994165 0.999577 0.999974 0.982125 0.001202 0.000447 0.996148 0.977348 0.001803 0.990902 0.000071 0.999427 0.000005 0.997688 0.007285 0.000201 0.011576 0.999053 0.999964 0.996619
0.999354 0.999830 0.001187 0.995970 0.999967 0.000729 0.000018 0.997988 0.001596 0.011524 0.005301 0.999015 0.997022 0.999388 0.999932 0.985100 0.002929 0.000013 0.995807 0.949169 0.001909 0.996878 0.000393 0.998659 0.000002 0.998754 0.005147 0.000036 0.021557 0.998125 0.999977 0.998771
0.000357 0.008567 0.001652 0.000500 0.809181 0.003263 0.998162 0.996439 0.000165 0.000163 0.003934 0.000173 0.996574 0.999302 0.000791 0.989123 0.999248 0.991567 0.000216 0.997726 0.997055 0.000852 0.000526 0.998614 0.999475 0.000405 0.999964 0.999297 0.000851 0.998661 0.001893 0.000504
0.000228 0.010076 0.000314 0.000653 0.784474 0.005551 0.999685 0.996298 0.000237 0.000134 0.004907 0.000342 0.997552 0.997935 0.000390 0.994928 0.999343 0.992645 0.000314 0.997394 0.996643 0.000680 0.001831 0.999262 0.999873 0.000422 0.999977 0.999208 0.000317 0.998968 0.000253 0.000203
0.000342 0.006538 0.000698 0.000504 0.834259 0.004198 0.999645 0.996951 0.000241 0.000196 0.003942 0.000217 0.997826 0.997772 0.000187 0.985199 0.999576 0.986433 0.000190 0.994734 0.998741 0.000576 0.000885 0.999198 0.999890 0.000115 0.999983 0.999195 0.000775 0.998130 0.000267 0.000291
0.000221 0.004535 0.000724 0.000889 0.917177 0.002510 0.999434 0.994023 0.000249 0.000385 0.004986 0.000222 0.998612 0.995188 0.000446 0.989050 0.999451 0.990730 0.000219 0.995612 0.998290 0.000731 0.002119 0.999233 0.999941 0.000436 0.999964 0.999249 0.001087 0.998078 0.000496 0.000472
0.000109 0.005460 0.000664 0.000228 0.773008 0.004715 0.997656 0.998331 0.000103 0.000076 0.001063 0.000184 0.997389 0.998960 0.000333 0.993912 0.999039 0.985811 0.000399 0.998792 0.999286 0.001488 0.000388 0.999269 0.999795 0.000039 0.999997 0.998164 0.000147 0.999514 0.001264 0.000038
0.001067 0.996542 0.997580 0.001361 0.999910 0.000127 0.001012 0.998790 0.050486 0.000002 0.000152 0.000629 0.002582 0.997362 0.993322 0.999435 0.001511 0.001389 0.991677 0.993920 0.999642 0.998770 0.000563 0.983860 0.000839 0.000354 0.976258 0.001301 0.000950 0.999510 0.999265 0.000381
0.001295 0.995681 0.996066 0.000957 0.999862 0.000163 0.000348 0.998520 0.038232 0.000002 0.000401 0.000911 0.002142 0.996792 0.981294 0.999288 0.001078 0.001264 0.986751 0.993563 0.999705 0.998790 0.000218 0.994715 0.000703 0.000374 0.993904 0.000731 0.000588 0.999365 0.999750 0.000222
0.000830 0.998596 0.998919 0.001815 0.999898 0.000027 0.000608 0.999007 0.031036 0.000001 0.000058 0.003342 0.003532 0.996184 0.979261 0.998327 0.001207 0.000238 0.995647 0.988609 0.999766 0.999414 0.000459 0.974446 0.001470 0.000699 0.985400 0.000079 0.000417 0.999125 0.999060 0.000563
0.001258 0.997258 0.998462 0.000648 0.999874 0.000136 0.000958 0.999188 0.018744 0.000001 0.000436 0.001945 0.001501 0.997294 0.957446 0.998848 0.000912 0.000654 0.991580 0.995242 0.999774 0.999344 0.001531 0.971389 0.003865 0.000414 0.985878 0.000846 0.000321 0.999626 0.997975 0.000220
0.000704 0.996158 0.997126 0.000948 0.999940 0.000109 0.000194 0.999780 0.024462 0.000005 0.001543 0.007446 0.005033 0.999578 0.978875 0.998247 0.000300 0.002271 0.972740 0.997725 0.998211 0.997478 0.000616 0.970607 0.001381 0.001573 0.951513 0.002269 0.000488 0.999497 0.997872 0.000902
