0.993549 0.128124 0.013967 0.999864 0.919882 0.000782 0.984144 0.990229 0.033536 0.877805 0.102088 0.998281 0.009954 0.999182 0.990749 0.010777 0.007583 0.997481 0.960231 0.977191 0.001180 0.996462 0.000336 0.001119 0.999550 0.965639 0.495993 0.999944 0.266703 0.087326 0.264862 0.992999
0.992076 0.103373 0.013902 0.999963 0.877724 0.002046 0.980185 0.993147 0.028553 0.966600 0.164060 0.997005 0.020792 0.999231 0.989782 0.027292 0.008214 0.999430 0.955310 0.976793 0.001375 0.984088 0.000277 0.005432 0.999130 0.948374 0.626391 0.999917 0.200743 0.178712 0.285144 0.993902
0.994174 0.228541 0.063461 0.999281 0.752431 0.001187 0.991570 0.991763 0.063709 0.697879 0.099242 0.995169 0.004591 0.998720 0.985370 0.023537 0.006659 0.994388 0.949537 0.964692 0.001324 0.977820 0.001280 0.002842 0.999549 0.949266 0.547976 0.999497 0.320563 0.232141 0.182836 0.981712
0.996185 0.165366 0.049289 0.999492 0.948076 0.000901 0.977072 0.981009 0.059517 0.620795 0.308825 0.992268 0.007742 0.996675 0.992804 0.005626 0.014882 0.989108 0.936197 0.941989 0.002935 0.991775 0.002865 0.001259 0.998565 0.976184 0.847420 0.998164 0.779835 0.080139 0.270904 0.981653
0.984924 0.121878 0.058020 0.999802 0.708785 0.001128 0.984145 0.995552 0.029554 0.813241 0.149309 0.998334 0.004628 0.998751 0.987287 0.013833 0.010787 0.996588 0.913343 0.974628 0.001145 0.996989 0.000637 0.001061 0.999334 0.967205 0.721614 0.999923 0.132957 0.068924 0.421576 0.973151
0.988203 0.109194 0.034488 0.999914 0.754943 0.001601 0.991430 0.989116 0.049383 0.913142 0.127276 0.998578 0.006491 0.998696 0.986524 0.024114 0.017242 0.998846 0.957922 0.978876 0.001252 0.992278 0.000311 0.001454 0.997616 0.964120 0.787191 0.999861 0.131917 0.146707 0.422750 0.991321
0.992462 0.032766 0.043450 0.999866 0.832348 0.000791 0.977907 0.989741 0.031253 0.915360 0.113401 0.998705 0.011050 0.999214 0.987040 0.020198 0.020667 0.998328 0.942369 0.981861 0.002182 0.997660 0.000448 0.000842 0.999251 0.958447 0.632015 0.999964 0.264321 0.062670 0.398553 0.989311
0.980810 0.098010 0.076140 0.999664 0.827218 0.001222 0.988860 0.985705 0.053163 0.431162 0.329797 0.997638 0.008580 0.997903 0.994433 0.017962 0.016312 0.997327 0.871155 0.967270 0.003888 0.997934 0.002127 0.001100 0.997843 0.971031 0.691999 0.999346 0.389306 0.042821 0.395278 0.979327
0.994812 0.336718 0.052220 0.999880 0.943704 0.000868 0.991087 0.986428 0.056188 0.741955 0.307590 0.994807 0.009086 0.998664 0.986934 0.012170 0.014932 0.997196 0.940418 0.946785 0.002074 0.989693 0.000428 0.002262 0.999465 0.950992 0.475848 0.999932 0.282245 0.224706 0.237177 0.992610
0.993505 0.071024 0.054237 0.999793 0.924598 0.001143 0.975137 0.972283 0.043149 0.797280 0.303344 0.996446 0.006056 0.997472 0.992144 0.010401 0.029838 0.997481 0.854249 0.952628 0.001633 0.997413 0.003613 0.001671 0.999151 0.971842 0.819842 0.999383 0.589796 0.045366 0.498689 0.990001
0.009289 0.149417 0.006947 0.955938 0.958354 0.998695 0.010107 0.002905 0.082062 0.936284 0.037012 0.010946 0.998914 0.875934 0.012337 0.995070 0.999506 0.999786 0.057902 0.001566 0.953922 0.017108 0.001202 0.987882 0.866944 0.568109 0.015891 0.975686 0.003363 0.937802 0.354328 0.998895
0.015572 0.074000 0.008676 0.969435 0.953534 0.999387 0.004570 0.005207 0.108804 0.921192 0.013207 0.008161 0.999430 0.364011 0.010619 0.986257 0.999288 0.998325 0.122268 0.000895 0.940716 0.024021 0.006870 0.987955 0.861639 0.683870 0.029212 0.943601 0.023576 0.942719 0.411943 0.999146
0.012544 0.051354 0.004001 0.998724 0.872625 0.999098 0.003406 0.003088 0.058316 0.980982 0.032123 0.014168 0.998999 0.403804 0.011064 0.997615 0.999213 0.999678 0.096435 0.003166 0.918797 0.023467 0.001413 0.993804 0.764277 0.786164 0.036499 0.955258 0.019119 0.895236 0.367884 0.998927
0.013725 0.037328 0.009326 0.994865 0.925209 0.998430 0.003301 0.003611 0.150545 0.972261 0.038691 0.016989 0.997897 0.242123 0.031287 0.997336 0.994358 0.995283 0.214417 0.004248 0.970507 0.010509 0.012237 0.989015 0.322508 0.736446 0.070283 0.933126 0.039779 0.979604 0.163050 0.998912
0.015846 0.019929 0.006670 0.998978 0.984000 0.997019 0.003731 0.003627 0.093011 0.977330 0.114444 0.012935 0.999030 0.527695 0.023459 0.942004 0.995933 0.999045 0.242096 0.003113 0.967455 0.010511 0.003306 0.967835 0.436693 0.893168 0.062250 0.939331 0.143217 0.324808 0.351279 0.998992
0.013352 0.143291 0.021601 0.983077 0.962196 0.998106 0.005363 0.003659 0.082106 0.959420 0.128678 0.018412 0.998729 0.906103 0.016405 0.995372 0.998073 0.999439 0.059850 0.002820 0.946023 0.013886 0.002532 0.982417 0.327080 0.466271 0.045504 0.730893 0.061566 0.803788 0.596311 0.998683
0.018619 0.280653 0.014268 0.914719 0.964793 0.998506 0.004032 0.004782 0.379158 0.883910 0.082382 0.021197 0.999023 0.804902 0.009864 0.997980 0.998050 0.999040 0.228430 0.001371 0.941595 0.004612 0.013403 0.994954 0.746429 0.385895 0.025791 0.655949 0.008821 0.963984 0.809276 0.998185
0.024602 0.035942 0.006508 0.989960 0.934767 0.999256 0.002748 0.006911 0.075860 0.921562 0.012875 0.006927 0.999348 0.469420 0.011709 0.992862 0.999079 0.999385 0.028518 0.003621 0.978361 0.027726 0.008050 0.980224 0.541499 0.720071 0.116139 0.765310 0.053755 0.985836 0.204283 0.999154
0.005252 0.190930 0.012294 0.998269 0.974994 0.998924 0.001966 0.002963 0.041750 0.974600 0.022426 0.006870 0.999389 0.604102 0.004692 0.999035 0.999639 0.999657 0.068411 0.001097 0.980559 0.009075 0.002159 0.975231 0.309252 0.631489 0.054363 0.876127 0.011918 0.968882 0.615927 0.997809
0.016696 0.116636 0.008772 0.994123 0.930658 0.998556 0.004770 0.003035 0.061666 0.969638 0.030225 0.004515 0.999196 0.299965 0.011802 0.993203 0.999020 0.996252 0.183766 0.001279 0.964679 0.023948 0.004330 0.979142 0.247976 0.763610 0.100973 0.778448 0.038670 0.889645 0.437090 0.998807
0.991371 0.016902 0.997259 0.006210 0.916128 0.984800 0.007548 0.035180 0.997982 0.000052 0.086131 0.036710 0.995028 0.034877 0.807370 0.999224 0.032529 0.003111 0.941031 0.819413 0.998622 0.053546 0.992321 0.998862 0.013947 0.000103 0.008220 0.004757 0.046217 0.999647 0.309247 0.072945
0.974773 0.014697 0.997889 0.026722 0.714790 0.989678 0.004585 0.009166 0.998083 0.000188 0.081890 0.045073 0.994334 0.041102 0.828114 0.999120 0.019373 0.003519 0.950962 0.759239 0.994597 0.033727 0.992020 0.998957 0.017083 0.000131 0.010013 0.004041 0.039691 0.999853 0.379997 0.180377
0.996108 0.008011 0.996341 0.010521 0.936169 0.980783 0.008272 0.033674 0.998752 0.000082 0.103266 0.045197 0.996451 0.023796 0.716937 0.998202 0.045909 0.003355 0.884135 0.604038 0.997791 0.031909 0.993551 0.999048 0.045857 0.000240 0.010025 0.005587 0.060921 0.999834 0.542357 0.219641
0.920636 0.031587 0.996848 0.011784 0.053865 0.986172 0.022007 0.011457 0.997978 0.000558 0.062312 0.034529 0.990660 0.023920 0.664475 0.999663 0.035343 0.005089 0.913030 0.503438 0.997384 0.007576 0.991872 0.997160 0.006919 0.000218 0.007269 0.004380 0.094556 0.999918 0.227830 0.201648
0.887507 0.022671 0.994694 0.019073 0.058110 0.989643 0.008101 0.015387 0.998266 0.000830 0.041862 0.028473 0.994507 0.068031 0.808312 0.999324 0.022224 0.001745 0.911052 0.253869 0.997581 0.013337 0.995879 0.998541 0.008912 0.001034 0.006349 0.004183 0.092883 0.999863 0.232761 0.141417
0.912115 0.022503 0.593271 0.010769 0.928099 0.176143 0.888935 0.000854 0.009781 0.918048 0.771431 0.008573 0.998891 0.218683 0.996131 0.050207 0.071849 0.005861 0.992605 0.003504 0.983390 0.001807 0.971801 0.002492 0.016042 0.978113 0.976085 0.019785 0.969053 0.014918 0.025051 0.666842
0.174425 0.008561 0.283050 0.992864 0.954040 0.182942 0.065319 0.007229 0.011113 0.972573 0.184244 0.019361 0.996475 0.065025 0.987861 0.019352 0.012049 0.016678 0.983458 0.004770 0.974123 0.003413 0.952312 0.022093 0.006173 0.982347 0.975410 0.012554 0.989690 0.010053 0.014754 0.739643
0.857827 0.016450 0.675294 0.009369 0.925334 0.236762 0.850921 0.001099 0.009884 0.967449 0.760069 0.004682 0.998566 0.276102 0.998529 0.033727 0.107057 0.005522 0.993015 0.003529 0.967419 0.000988 0.985337 0.001147 0.023911 0.980274 0.976516 0.008094 0.964024 0.017876 0.034603 0.575148
0.365654 0.047737 0.418361 0.903980 0.981816 0.700263 0.252493 0.003076 0.005243 0.958654 0.169756 0.005274 0.994224 0.062621 0.976284 0.032529 0.041052 0.019146 0.967899 0.007042 0.976600 0.001063 0.960710 0.013489 0.019359 0.978959 0.959396 0.016916 0.987907 0.018745 0.023277 0.550158
0.408590 0.013144 0.714942 0.373209 0.980695 0.363716 0.135464 0.003839 0.008185 0.966375 0.187891 0.009865 0.995087 0.127388 0.989677 0.020737 0.040260 0.006286 0.982362 0.014737 0.967496 0.004425 0.959651 0.019184 0.009936 0.990484 0.964761 0.003992 0.991815 0.015497 0.036120 0.520177
0.006397 0.997119 0.243338 0.011113 0.000017 0.998593 0.031723 0.036491 0.016905 0.982731 0.996256 0.014228 0.999224 0.015913 0.003693 0.076346 0.999776 0.008178 0.000000 0.987069 0.697878 0.012799 0.982694 0.989819 0.044047 0.000003 0.924341 0.003315 0.991272 0.023017 0.137460 0.010517
0.004566 0.995455 0.106599 0.006485 0.000016 0.996689 0.023008 0.045150 0.026002 0.980090 0.991835 0.011900 0.999565 0.015332 0.005675 0.060748 0.999708 0.012684 0.000000 0.987769 0.786523 0.009401 0.987637 0.989653 0.048629 0.000001 0.900568 0.002982 0.991917 0.020016 0.064675 0.010426
0.007608 0.996462 0.118647 0.007095 0.000009 0.995272 0.028322 0.048888 0.052307 0.974137 0.992032 0.011301 0.999468 0.008258 0.002949 0.029313 0.999797 0.007403 0.000000 0.985637 0.886101 0.013236 0.993083 0.991311 0.030660 0.000003 0.937888 0.001601 0.992767 0.034020 0.074788 0.009344
0.005208 0.996847 0.163775 0.008909 0.000016 0.995313 0.034985 0.046174 0.017269 0.989235 0.993078 0.007407 0.999193 0.007733 0.006452 0.060541 0.999593 0.007636 0.000000 0.989230 0.644936 0.013676 0.993327 0.982633 0.061031 0.000001 0.956381 0.002016 0.993638 0.020530 0.061146 0.011907
0.005228 0.997910 0.179361 0.006415 0.000011 0.998340 0.033084 0.032703 0.029436 0.977639 0.994552 0.004112 0.999545 0.009104 0.002033 0.073079 0.999536 0.009137 0.000000 0.989278 0.605121 0.017743 0.989069 0.990217 0.067406 0.000002 0.929340 0.002726 0.992855 0.017289 0.099292 0.013575
0.153575 0.975863 0.991016 0.006609 0.975626 0.986525 0.991841 0.004651 0.994379 0.982089 0.526879 0.933882 0.017628 0.999009 0.011345 0.954020 0.695329 0.090608 0.990556 0.140203 0.535289 0.324809 0.043945 0.989280 0.050598 0.994816 0.003755 0.923438 0.023484 0.519251 0.987772 0.239120
0.013130 0.990969 0.992860 0.016412 0.994465 0.995424 0.994903 0.001314 0.999874 0.995227 0.948362 0.998570 0.023433 0.996820 0.001292 0.977446 0.998978 0.998883 0.995705 0.195681 0.877770 0.059688 0.633916 0.992314 0.041876 0.992347 0.002126 0.983054 0.000005 0.043533 0.999849 0.018461
0.037008 0.971107 0.997385 0.005590 0.991875 0.997656 0.988141 0.006885 0.999854 0.985627 0.916570 0.992456 0.027501 0.956571 0.012010 0.982184 0.984060 0.199679 0.993523 0.245851 0.936371 0.154128 0.212896 0.998875 0.033115 0.992248 0.002202 0.998956 0.000008 0.224393 0.999488 0.037754
0.128839 0.897364 0.979119 0.008393 0.919711 0.994254 0.987544 0.013609 0.957236 0.975443 0.298304 0.965132 0.055140 0.997311 0.001194 0.984484 0.794373 0.721458 0.931094 0.470162 0.497792 0.792881 0.001581 0.997351 0.033626 0.989317 0.007599 0.993209 0.031513 0.913848 0.989742 0.420385
0.022170 0.990406 0.995496 0.009907 0.997197 0.996158 0.992985 0.002083 0.999917 0.990900 0.963867 0.997056 0.014320 0.996412 0.002249 0.974676 0.997193 0.998117 0.996495 0.230204 0.913148 0.127390 0.611818 0.995454 0.032653 0.991850 0.001579 0.989624 0.000010 0.041871 0.999897 0.014578
0.986662 0.986783 0.571692 0.019485 0.007129 0.971119 0.971897 0.974980 0.611472 0.921461 0.004045 0.030077 0.003803 0.299723 0.797305 0.984774 0.007736 0.001200 0.980284 0.996006 0.018744 0.004450 0.976454 0.998635 0.023213 0.885496 0.984918 0.009127 0.966763 0.997814 0.025602 0.001804
0.980640 0.981406 0.528536 0.068950 0.008016 0.926057 0.994555 0.997712 0.631244 0.986082 0.005879 0.196666 0.010243 0.382282 0.890082 0.932637 0.014997 0.002162 0.950689 0.998950 0.016826 0.001316 0.977966 0.996705 0.016554 0.931916 0.993762 0.004096 0.995298 0.999337 0.028617 0.004887
0.989865 0.970752 0.879030 0.010411 0.003981 0.740517 0.988553 0.973456 0.522839 0.913904 0.009229 0.073767 0.003041 0.406062 0.775460 0.957211 0.007413 0.003562 0.987132 0.995994 0.003041 0.009334 0.956509 0.997461 0.009286 0.939391 0.958072 0.013069 0.986594 0.986426 0.020106 0.012416
0.988264 0.994740 0.514993 0.020001 0.008315 0.887670 0.993014 0.997738 0.387655 0.969704 0.004247 0.073809 0.001678 0.380853 0.886822 0.908643 0.002751 0.000990 0.980891 0.996780 0.005420 0.004090 0.984978 0.997450 0.020990 0.937757 0.993592 0.003959 0.990699 0.998534 0.012310 0.002443
0.973494 0.910261 0.604616 0.018507 0.010723 0.776770 0.990125 0.994146 0.505673 0.953730 0.002000 0.032358 0.008941 0.180670 0.528600 0.964834 0.002543 0.001865 0.954814 0.995395 0.032051 0.008504 0.970212 0.993240 0.018299 0.946685 0.983915 0.003362 0.985848 0.997681 0.042896 0.005686
0.007882 0.008005 0.998874 0.010728 0.000453 0.001028 0.993089 0.978901 0.021987 0.000523 0.992504 0.999035 0.001228 0.022193 0.992065 0.004448 0.004940 0.004122 0.000347 0.995698 0.990364 0.999971 0.973703 0.000267 0.030107 0.956924 0.922021 0.006158 0.995644 0.015349 0.996743 0.046452
0.007694 0.009378 0.998368 0.008460 0.000895 0.001038 0.992639 0.986401 0.019527 0.000339 0.991450 0.999132 0.001399 0.022266 0.995630 0.004494 0.005400 0.003469 0.000338 0.994654 0.992055 0.999965 0.977109 0.000249 0.029171 0.950493 0.894233 0.005780 0.990605 0.013566 0.997418 0.053725
0.010065 0.013974 0.998892 0.007632 0.000525 0.001508 0.993478 0.985851 0.033016 0.000920 0.990368 0.998413 0.000591 0.011629 0.989106 0.019720 0.006080 0.004171 0.000225 0.994958 0.989627 0.999945 0.980062 0.000368 0.021293 0.947558 0.919998 0.006232 0.995158 0.012925 0.996149 0.077385
0.010846 0.013429 0.998893 0.005592 0.000433 0.000681 0.990845 0.991840 0.015880 0.000574 0.991868 0.997080 0.001074 0.010810 0.988946 0.010563 0.006043 0.001970 0.000186 0.993711 0.983190 0.999975 0.984818 0.000386 0.016395 0.951219 0.933103 0.005031 0.997389 0.015385 0.998017 0.028429
0.011246 0.019148 0.995962 0.020122 0.005714 0.152460 0.995700 0.337391 0.032627 0.797519 0.990682 0.651912 0.097354 0.024478 0.981440 0.010090 0.004497 0.008594 0.089854 0.999091 0.995529 0.980528 0.986304 0.021945 0.032990 0.660591 0.918638 0.027210 0.958083 0.060335 0.984172 0.019274
0.999818 0.999232 0.754431 0.016618 0.988906 0.000014 0.010519 0.999979 0.998345 0.000077 0.979146 0.545124 0.009542 0.059252 0.972785 0.014604 0.021729 0.006587 0.996528 0.269124 0.068911 0.999560 0.997358 0.002062 0.999874 0.719626 0.044618 0.005406 0.992752 0.010060 0.019521 0.011636
0.999851 0.998198 0.833274 0.020596 0.994941 0.000021 0.009968 0.999974 0.999336 0.000045 0.980169 0.466532 0.038332 0.059365 0.964374 0.006366 0.003808 0.004500 0.997138 0.373074 0.126574 0.999333 0.996860 0.000906 0.999947 0.669159 0.034303 0.005830 0.990212 0.006886 0.011128 0.008078
0.999722 0.998723 0.771193 0.017376 0.986123 0.000019 0.005692 0.999972 0.999556 0.000039 0.986730 0.376539 0.038861 0.037369 0.949561 0.020146 0.015030 0.008278 0.993847 0.344148 0.101960 0.999576 0.998955 0.005994 0.999972 0.661317 0.014782 0.003547 0.993367 0.014845 0.011792 0.012527
0.999850 0.998210 0.836481 0.040708 0.990141 0.000011 0.007926 0.999949 0.999230 0.000033 0.989812 0.288050 0.058472 0.038323 0.981208 0.014931 0.006040 0.010073 0.994887 0.318889 0.094281 0.999806 0.999021 0.003471 0.999927 0.661628 0.016146 0.006099 0.991219 0.015452 0.013516 0.014998
0.999833 0.998480 0.775621 0.020442 0.981847 0.000016 0.005010 0.999978 0.999448 0.000022 0.984874 0.582671 0.028320 0.037807 0.954846 0.012140 0.003620 0.006700 0.992425 0.223072 0.108812 0.999891 0.996803 0.003984 0.999920 0.744778 0.008275 0.002624 0.995139 0.023144 0.009658 0.013082
