0.821966 0.160749 0.198905 0.143410
0.818423 0.153298 0.200005 0.139829
0.824651 0.157533 0.188579 0.146555
0.824785 0.160091 0.196308 0.136230
0.819433 0.168430 0.194296 0.130621
0.822178 0.163929 0.201810 0.131127
0.820269 0.168266 0.195233 0.136542
0.709308 0.739654 0.247570 0.149119
0.823794 0.158041 0.191032 0.140323
0.174906 0.858138 0.217068 0.110083
0.186456 0.864007 0.221024 0.102333
0.166813 0.856937 0.228880 0.105053
0.171990 0.864215 0.233420 0.108159
0.166805 0.850977 0.235342 0.105952
0.166306 0.852418 0.232129 0.110406
0.178370 0.865028 0.222020 0.106360
0.176705 0.856437 0.234308 0.108006
0.173788 0.858659 0.234628 0.109063
0.701420 0.745342 0.240584 0.153643
0.713093 0.738478 0.252657 0.139469
0.706548 0.747998 0.257576 0.141699
0.685904 0.762857 0.258958 0.139895
0.158322 0.163431 0.284017 0.790915
0.108256 0.102842 0.862483 0.072009
0.105718 0.111486 0.860079 0.076447
0.106905 0.098401 0.847898 0.079083
0.107820 0.096816 0.860313 0.075860
0.123011 0.090923 0.862202 0.093846
0.108542 0.108668 0.857248 0.072953
0.172750 0.880327 0.263512 0.096295
0.114718 0.117323 0.866469 0.073155
0.111441 0.112344 0.855806 0.074176
0.106012 0.115863 0.867822 0.073253
0.082275 0.848907 0.833909 0.071686
0.084535 0.832472 0.827632 0.073832
0.082504 0.848556 0.830446 0.070382
0.082029 0.842909 0.832600 0.072508
0.080399 0.833751 0.832004 0.078485
0.085667 0.845240 0.825665 0.069193
0.081414 0.845449 0.834831 0.071115
0.083330 0.839717 0.827155 0.074038
0.086579 0.852482 0.820962 0.071433
0.195598 0.876404 0.228529 0.089846
0.640113 0.746835 0.610811 0.060316
0.601905 0.732561 0.650585 0.057763
0.641421 0.758685 0.593600 0.068758
0.089561 0.850754 0.818779 0.067374
0.675445 0.144634 0.729642 0.090825
0.129065 0.084478 0.878795 0.122339
0.676392 0.126214 0.736892 0.098505
0.697414 0.136366 0.726906 0.095864
0.700665 0.130016 0.729229 0.099093
0.083180 0.839752 0.820335 0.075617
0.672242 0.126216 0.738100 0.099151
0.690400 0.120268 0.730110 0.101728
0.696229 0.130433 0.733772 0.094563
0.694515 0.126858 0.722817 0.096299
0.109793 0.104218 0.858697 0.074002
0.109489 0.119004 0.863652 0.076332
0.167095 0.871377 0.244396 0.100530
0.190727 0.871289 0.227880 0.097699
0.181952 0.172399 0.299534 0.824955
0.163989 0.153458 0.290433 0.795695
0.156705 0.210935 0.308141 0.836059
0.165667 0.203888 0.298949 0.837387
0.186224 0.198202 0.263749 0.819408
0.181103 0.156593 0.256389 0.768357
0.181978 0.189726 0.281522 0.825109
0.157675 0.172935 0.274006 0.791600
0.144515 0.186181 0.305014 0.814840
0.143396 0.161069 0.287608 0.776153
0.148032 0.168728 0.288760 0.787198
0.106939 0.110242 0.868506 0.073859
0.173708 0.878655 0.281850 0.084872
0.195979 0.857961 0.218006 0.103656
0.204171 0.663406 0.213087 0.720422
0.126298 0.102583 0.696355 0.670160
0.570789 0.063162 0.265111 0.718977
0.199402 0.656500 0.231742 0.721246
0.199119 0.640198 0.232060 0.726442
0.208262 0.664909 0.226447 0.712168
0.826543 0.160580 0.187508 0.136591
0.115788 0.102709 0.851256 0.069878
0.106901 0.118687 0.872411 0.082921
0.116135 0.105230 0.845077 0.077259
0.095247 0.116001 0.863784 0.080648
0.122393 0.106197 0.700338 0.666966
0.117217 0.114334 0.685624 0.669459
0.115637 0.109051 0.710016 0.639671
0.108354 0.109391 0.869400 0.088492
0.107744 0.138418 0.858316 0.063528
0.096464 0.131799 0.872120 0.074068
0.829064 0.161296 0.185103 0.136887
0.826279 0.165165 0.187404 0.136223
0.828239 0.159313 0.203304 0.126398
0.689351 0.137750 0.726206 0.093312
0.684999 0.130626 0.739883 0.105269
0.714626 0.148154 0.706432 0.098525
0.822265 0.154222 0.194429 0.137972
0.822464 0.155549 0.206261 0.131993
0.824873 0.154643 0.186427 0.136165
0.829045 0.163532 0.190576 0.138262
0.176513 0.854420 0.221663 0.104972
0.679878 0.093606 0.180373 0.580766
0.678820 0.101224 0.190307 0.620313
0.679102 0.104541 0.190991 0.620039
0.682671 0.113490 0.185965 0.606325
0.083388 0.840883 0.825257 0.075134
0.086999 0.834642 0.823436 0.067850
0.081636 0.841443 0.825767 0.075871
0.093106 0.845181 0.820148 0.071023
0.624814 0.081296 0.584820 0.543417
0.623815 0.088178 0.593594 0.530144
0.707679 0.697271 0.213068 0.162144
0.670129 0.740745 0.238170 0.150847
0.670957 0.106835 0.187673 0.624411
0.229727 0.659078 0.199607 0.719402
0.214032 0.662795 0.210601 0.721080
0.123184 0.102142 0.694029 0.674260
0.127951 0.100363 0.695978 0.670131
