0.939855 0.056445 0.065511 0.059009
0.942106 0.059287 0.068695 0.047317
0.941755 0.055310 0.062051 0.048850
0.937972 0.056410 0.059559 0.055141
0.951474 0.059439 0.061561 0.057455
0.953486 0.052767 0.064773 0.048982
0.943610 0.053592 0.073145 0.046710
0.912030 0.897692 0.051930 0.030581
0.948330 0.054687 0.064384 0.056487
0.058747 0.947735 0.056563 0.045855
0.074008 0.946006 0.054217 0.046318
0.065814 0.949796 0.062758 0.045037
0.057874 0.952789 0.058615 0.044904
0.051341 0.949311 0.062225 0.043351
0.057426 0.942727 0.059075 0.046341
0.069595 0.948325 0.061780 0.046183
0.057802 0.946013 0.061674 0.045719
0.047557 0.938908 0.072742 0.047043
0.910514 0.900808 0.058771 0.028749
0.909586 0.902389 0.048046 0.028515
0.920983 0.895323 0.052296 0.029783
0.919576 0.893438 0.057776 0.025049
0.071237 0.068484 0.064618 0.897470
0.047692 0.053062 0.953293 0.029171
0.065466 0.041635 0.947284 0.035235
0.048771 0.042334 0.953957 0.038592
0.046575 0.045052 0.951022 0.036410
0.039226 0.057420 0.953829 0.030291
0.055499 0.044930 0.948527 0.038400
0.068271 0.963359 0.075416 0.045072
0.054819 0.052436 0.952488 0.035319
0.041761 0.059635 0.963127 0.036856
0.052000 0.054733 0.957059 0.030580
0.047508 0.913197 0.928852 0.025625
0.060542 0.916410 0.933852 0.021527
0.051940 0.913766 0.934317 0.022218
0.060725 0.918998 0.931181 0.018926
0.060069 0.920056 0.929876 0.020937
0.051948 0.924768 0.931124 0.024919
0.059751 0.916643 0.936355 0.023328
0.058786 0.916297 0.931873 0.024657
0.053761 0.933260 0.922228 0.022177
0.047678 0.957115 0.064900 0.049259
0.840878 0.852484 0.882581 0.019082
0.858327 0.830279 0.892225 0.016960
0.869367 0.830189 0.883904 0.018131
0.061140 0.921131 0.930344 0.021429
0.932979 0.048900 0.913401 0.033722
0.052968 0.045265 0.954952 0.036300
0.915498 0.044382 0.931777 0.028418
0.930408 0.051762 0.921812 0.026515
0.919715 0.045904 0.922720 0.025271
0.051410 0.916608 0.931232 0.030605
0.931086 0.046524 0.920816 0.026782
0.928455 0.044373 0.924484 0.030564
0.929130 0.055340 0.903375 0.027222
0.926674 0.047450 0.916799 0.027662
0.051635 0.047556 0.949723 0.031875
0.054746 0.044241 0.959478 0.036356
0.063935 0.951221 0.066034 0.039985
0.064454 0.952304 0.065611 0.046970
0.058222 0.070055 0.066510 0.907733
0.062219 0.065905 0.070742 0.911152
0.062780 0.064057 0.065619 0.905922
0.073190 0.061711 0.056114 0.905526
0.065928 0.060120 0.068767 0.910426
0.058653 0.065288 0.054183 0.905401
0.052840 0.064002 0.064462 0.901528
0.065405 0.065765 0.065175 0.909880
0.062847 0.061814 0.067630 0.906102
0.068459 0.062371 0.075774 0.908443
0.074070 0.060223 0.062592 0.896181
0.042928 0.055504 0.956033 0.030870
0.064031 0.969019 0.100468 0.049761
0.057846 0.947556 0.066463 0.054296
0.067160 0.884242 0.069806 0.781321
0.074418 0.036471 0.891617 0.816317
0.872828 0.056027 0.077251 0.850205
0.066824 0.860672 0.061579 0.777690
0.067213 0.857814 0.072141 0.775105
0.067518 0.860087 0.064277 0.778015
0.950361 0.059084 0.060738 0.057498
0.056849 0.064636 0.950305 0.028788
0.049067 0.056178 0.950774 0.033072
0.051478 0.061881 0.959706 0.033738
0.051397 0.050991 0.956066 0.034074
0.044739 0.034844 0.890703 0.781209
0.055633 0.034627 0.869236 0.831137
0.058579 0.032496 0.862357 0.830748
0.056374 0.054828 0.955567 0.032090
0.046162 0.055560 0.956750 0.032543
0.049337 0.050395 0.953086 0.033668
0.945237 0.053132 0.059473 0.058794
0.954602 0.055481 0.060349 0.057010
0.946688 0.052096 0.065521 0.053065
0.917780 0.047536 0.920009 0.028874
0.923044 0.046910 0.917614 0.031240
0.909671 0.042935 0.916836 0.031785
0.953063 0.057081 0.064196 0.054255
0.945828 0.050302 0.071122 0.056169
0.956433 0.057227 0.064729 0.051773
0.953943 0.054819 0.063919 0.058742
0.058419 0.943323 0.074922 0.045775
0.897518 0.065099 0.058836 0.796896
0.879953 0.065661 0.050848 0.836590
0.877323 0.066332 0.060200 0.835813
0.866583 0.062531 0.049361 0.836990
0.060726 0.918071 0.918678 0.023012
0.050005 0.899868 0.930883 0.019199
0.065242 0.917761 0.908513 0.018713
0.060199 0.911745 0.913715 0.029776
0.873984 0.044403 0.835876 0.683203
0.861889 0.033099 0.823451 0.667669
0.888624 0.892556 0.054505 0.038758
0.908059 0.881989 0.060159 0.041033
0.903520 0.069012 0.058033 0.788295
0.062296 0.865080 0.061733 0.780000
0.063022 0.873518 0.058295 0.793077
0.051909 0.036032 0.906777 0.789505
0.056221 0.036228 0.900951 0.792812
