0.883789 0.083832 0.118535 0.113867
0.877406 0.089263 0.106786 0.119277
0.891999 0.090651 0.107918 0.113579
0.876157 0.090740 0.111344 0.112259
0.889090 0.085096 0.115485 0.109008
0.890600 0.089437 0.112992 0.114294
0.882358 0.099788 0.101269 0.118426
0.889158 0.908086 0.130010 0.066392
0.892148 0.088019 0.098356 0.136523
0.095460 0.917049 0.103804 0.085109
0.097177 0.919059 0.092576 0.092443
0.091914 0.915394 0.099496 0.086807
0.096464 0.917937 0.092237 0.094446
0.088380 0.913931 0.101438 0.094963
0.083785 0.908242 0.103716 0.095264
0.092856 0.906378 0.103913 0.090489
0.089737 0.912905 0.096190 0.095252
0.106524 0.903383 0.089329 0.097407
0.879628 0.906551 0.140708 0.059757
0.881091 0.908349 0.134104 0.054220
0.888950 0.888985 0.122838 0.063310
0.876793 0.914869 0.140683 0.055817
0.132001 0.082156 0.102206 0.797978
0.098191 0.086696 0.917394 0.047534
0.111543 0.070104 0.915033 0.051897
0.108239 0.072276 0.907123 0.053019
0.091624 0.087650 0.912127 0.042539
0.103884 0.087715 0.919763 0.044729
0.097529 0.084405 0.926018 0.050529
0.096603 0.922135 0.089400 0.115272
0.099172 0.085260 0.916894 0.043364
0.102204 0.083634 0.925661 0.045466
0.091024 0.081705 0.911971 0.049102
0.070550 0.867637 0.884229 0.031871
0.086620 0.887950 0.853526 0.032998
0.108026 0.875280 0.860982 0.029948
0.071227 0.869719 0.868262 0.032785
0.077936 0.862328 0.883049 0.030678
0.077256 0.874785 0.874715 0.033299
0.084277 0.857042 0.872724 0.031279
0.082310 0.879965 0.862816 0.029109
0.071367 0.869029 0.871814 0.031151
0.096464 0.918158 0.104091 0.095149
0.757842 0.807890 0.774771 0.031786
0.769662 0.830601 0.759724 0.036314
0.751381 0.819139 0.785352 0.041273
0.071962 0.848228 0.891440 0.037265
0.859175 0.051999 0.896517 0.084254
0.103282 0.069811 0.900109 0.049056
0.862550 0.053124 0.892684 0.085306
0.879306 0.050517 0.892210 0.076827
0.875760 0.062054 0.894468 0.078757
0.082274 0.873055 0.870808 0.031282
0.878369 0.052588 0.887028 0.082040
0.869979 0.052888 0.894977 0.084297
0.873942 0.061255 0.896051 0.077384
0.871130 0.052138 0.885794 0.078777
0.094843 0.087609 0.921242 0.052578
0.101732 0.082442 0.915666 0.045887
0.083974 0.909543 0.100176 0.092149
0.087957 0.919972 0.108915 0.089243
0.136131 0.080155 0.104013 0.827823
0.123499 0.081324 0.102069 0.831757
0.134613 0.099257 0.089559 0.827040
0.146724 0.085914 0.095051 0.826837
0.139195 0.091992 0.093008 0.838563
0.153779 0.093605 0.094230 0.840564
0.136054 0.086665 0.105509 0.834775
0.131884 0.073572 0.104533 0.837905
0.140221 0.084540 0.100987 0.844207
0.148643 0.075200 0.085405 0.835578
0.126898 0.093077 0.090199 0.823259
0.097734 0.096899 0.930941 0.044329
0.076227 0.927897 0.093728 0.117616
0.088215 0.916302 0.110973 0.101507
0.129461 0.835124 0.062078 0.673529
0.094974 0.048835 0.781925 0.680590
0.851334 0.086258 0.093192 0.802136
0.125913 0.887513 0.076044 0.618921
0.114307 0.887214 0.077449 0.597447
0.122837 0.883587 0.072142 0.606403
0.883154 0.081245 0.101313 0.128499
0.084839 0.087840 0.910495 0.051384
0.099393 0.072849 0.913971 0.056868
0.091845 0.082843 0.923801 0.057595
0.094724 0.077817 0.919180 0.058921
0.120387 0.049997 0.786050 0.689492
0.100869 0.050582 0.755595 0.706783
0.098596 0.044622 0.720794 0.724154
0.089244 0.071524 0.908333 0.069481
0.084733 0.095905 0.922277 0.041637
0.081827 0.078966 0.917084 0.064129
0.890984 0.082270 0.106621 0.123170
0.884868 0.082622 0.113212 0.108765
0.899778 0.084878 0.105459 0.123992
0.868086 0.061442 0.890304 0.077260
0.860212 0.051335 0.888962 0.083461
0.860694 0.054971 0.893254 0.076789
0.900229 0.088037 0.117584 0.114483
0.895383 0.086634 0.107256 0.126224
0.887416 0.080212 0.112074 0.118117
0.896992 0.091084 0.101446 0.124675
0.092780 0.929407 0.116182 0.106256
0.870542 0.078641 0.083735 0.776048
0.877303 0.073538 0.078527 0.755327
0.877007 0.078831 0.087043 0.784801
0.883122 0.082896 0.088382 0.767589
0.073264 0.875470 0.852303 0.033254
0.082045 0.857065 0.848481 0.032180
0.086669 0.857423 0.868349 0.035069
0.074437 0.868463 0.869858 0.034709
0.810609 0.078877 0.639273 0.674300
0.810287 0.086655 0.661214 0.654722
0.865838 0.901188 0.130459 0.063360
0.871527 0.886838 0.137337 0.060988
0.870670 0.080995 0.088280 0.758429
0.119501 0.868154 0.079742 0.630758
0.111846 0.866837 0.071904 0.645985
0.093172 0.044048 0.761118 0.699388
0.099365 0.045019 0.770542 0.677698
