0.002016 0.000148 0.999891 0.001713 0.004009 0.999830 0.001105 0.999591 0.000024 0.002722 0.000000 0.999971 0.998649 0.000008 0.000011 0.000026
0.000818 0.000729 0.999737 0.005803 0.003331 0.999701 0.000142 0.998747 0.000043 0.000559 0.000000 0.999980 0.999796 0.000001 0.000005 0.000015
0.006603 0.000585 0.999684 0.002588 0.002321 0.999927 0.000647 0.998577 0.000020 0.003350 0.000001 0.999953 0.998448 0.000008 0.000029 0.000063
0.002774 0.000178 0.999674 0.001886 0.017162 0.999404 0.000549 0.998417 0.000079 0.009006 0.000003 0.999810 0.996649 0.000054 0.000061 0.000163
0.004252 0.000095 0.999668 0.001986 0.006954 0.999854 0.000479 0.999888 0.000017 0.002124 0.000000 0.999969 0.997604 0.000003 0.000021 0.000175
0.001137 0.000162 0.999629 0.002481 0.002440 0.999927 0.000131 0.999298 0.000012 0.000673 0.000000 0.999987 0.999293 0.000003 0.000013 0.000069
0.001788 0.000099 0.999849 0.000983 0.004982 0.999842 0.000276 0.999879 0.000036 0.001823 0.000000 0.999976 0.998250 0.000004 0.000022 0.000068
0.003168 0.000149 0.999463 0.000733 0.031952 0.998865 0.000257 0.999493 0.000039 0.003022 0.000001 0.999955 0.993064 0.000040 0.000019 0.000748
0.002350 0.000585 0.999668 0.002581 0.001974 0.999923 0.000292 0.999218 0.000026 0.002954 0.000001 0.999892 0.998500 0.000009 0.000027 0.000070
0.001336 0.000230 0.999447 0.001317 0.018522 0.999174 0.000258 0.999646 0.000038 0.004151 0.000003 0.999891 0.998013 0.000011 0.000046 0.000681
0.000387 0.998314 0.999789 0.999827 0.999549 0.000305 0.000027 0.000087 0.999452 0.000064 0.000103 0.000556 0.998109 0.000004 0.999256 0.754986
0.001608 0.998589 0.999806 0.999677 0.999762 0.000128 0.000217 0.000149 0.999548 0.000140 0.000622 0.000571 0.990345 0.000014 0.998459 0.812645
0.000427 0.999324 0.999864 0.999898 0.999619 0.000333 0.000113 0.000181 0.999715 0.000015 0.000692 0.001750 0.998199 0.000002 0.999211 0.278037
0.000487 0.999574 0.999557 0.999379 0.998932 0.000113 0.000165 0.000051 0.999751 0.000122 0.006968 0.000266 0.995242 0.000029 0.999361 0.302927
0.000172 0.996553 0.999920 0.999219 0.999467 0.000108 0.000021 0.000085 0.999123 0.000122 0.001408 0.000931 0.996293 0.000020 0.996272 0.305621
0.001112 0.997615 0.999704 0.999686 0.999204 0.000187 0.000056 0.000212 0.998958 0.000059 0.000397 0.000406 0.996215 0.000002 0.999687 0.400653
0.000706 0.999113 0.998599 0.999715 0.999482 0.000238 0.000005 0.000166 0.999601 0.000052 0.000313 0.000607 0.997744 0.000011 0.999715 0.282890
0.000693 0.999192 0.999830 0.999562 0.999578 0.000121 0.000031 0.000039 0.999040 0.000063 0.000093 0.000392 0.996933 0.000006 0.999355 0.615363
0.000307 0.998836 0.999725 0.999765 0.999513 0.000103 0.000022 0.000096 0.999601 0.000030 0.000316 0.000690 0.994108 0.000005 0.999687 0.480652
0.000449 0.998617 0.999787 0.999187 0.996853 0.000198 0.000102 0.000080 0.998037 0.000296 0.000578 0.002127 0.998727 0.000036 0.995256 0.585767
0.999530 0.999321 0.002904 0.001499 0.003095 0.001075 0.999733 0.204043 0.998039 0.000695 0.997467 0.001156 0.001506 0.997396 0.999472 0.004312
0.999694 0.999108 0.000931 0.002363 0.002720 0.000133 0.999796 0.146162 0.999481 0.000700 0.998937 0.001359 0.000666 0.998321 0.999837 0.004735
0.999630 0.999350 0.005847 0.002059 0.003239 0.000170 0.999679 0.139646 0.999202 0.000485 0.994020 0.001184 0.001965 0.995777 0.999690 0.000686
0.999771 0.998881 0.000846 0.014672 0.003360 0.000636 0.999916 0.222447 0.998539 0.005054 0.998156 0.004609 0.001836 0.998933 0.999593 0.004386
0.999487 0.999556 0.002057 0.015653 0.007033 0.000289 0.999689 0.087365 0.998593 0.000724 0.997956 0.003131 0.001095 0.998485 0.999822 0.001467
0.004591 0.990988 0.995656 0.002543 0.998806 0.001427 0.999006 0.000145 0.994547 0.999894 0.999426 0.072156 0.984434 0.999509 0.000088 0.996194
0.006479 0.889635 0.998680 0.000814 0.999429 0.000625 0.999931 0.000313 0.997508 0.999901 0.999295 0.026669 0.989073 0.999781 0.000167 0.444085
0.003042 0.994704 0.995813 0.001693 0.999606 0.000879 0.998712 0.000149 0.996357 0.999967 0.999446 0.048040 0.983272 0.999879 0.000053 0.997090
0.007033 0.974616 0.998471 0.002623 0.998666 0.000680 0.999155 0.000106 0.995412 0.999933 0.998957 0.024179 0.989860 0.999588 0.000452 0.699447
0.021313 0.973207 0.990388 0.001384 0.998959 0.000258 0.999916 0.000084 0.996989 0.999957 0.999431 0.016344 0.988692 0.999925 0.000139 0.949113
0.999842 0.000320 0.000026 0.999916 0.999871 0.000594 0.000398 0.000072 0.992873 0.999558 0.999358 0.005249 0.000007 0.999315 0.996420 0.997569
0.999952 0.000253 0.000016 0.999903 0.999841 0.000399 0.000397 0.000057 0.994304 0.999683 0.999620 0.004950 0.000006 0.999631 0.997597 0.997466
0.999970 0.000194 0.000018 0.999932 0.999752 0.000630 0.000285 0.000074 0.986778 0.999716 0.999484 0.009985 0.000006 0.999459 0.997089 0.997649
0.999964 0.000135 0.000017 0.999929 0.999511 0.000920 0.000717 0.000118 0.970215 0.999787 0.999057 0.008514 0.000007 0.999454 0.993313 0.997484
0.999912 0.000198 0.000029 0.999924 0.999880 0.000597 0.000851 0.000046 0.987318 0.999686 0.999362 0.005806 0.000010 0.998903 0.991364 0.999092
0.023373 0.997626 0.000719 0.999921 0.000768 0.992135 0.916573 0.991680 0.512876 0.269954 0.999252 0.891669 0.948078 0.054709 0.996487 0.997055
0.000619 0.999846 0.000346 0.999975 0.005264 0.997958 0.001293 0.998814 0.906683 0.999331 0.997668 0.028975 0.998543 0.999449 0.998918 0.998663
0.000929 0.999852 0.000104 0.999957 0.001525 0.984454 0.002194 0.998108 0.925944 0.950914 0.993659 0.019192 0.997931 0.995681 0.999461 0.995222
0.006767 0.993862 0.000919 0.999776 0.000556 0.992538 0.090954 0.994557 0.700225 0.001896 0.989557 0.904368 0.977978 0.000084 0.999827 0.983179
0.000534 0.999715 0.000450 0.999983 0.005532 0.996402 0.002418 0.998449 0.923601 0.998441 0.995421 0.031585 0.999109 0.998967 0.997515 0.999095
0.945048 0.999427 0.002689 0.999811 0.001260 0.999747 0.999988 0.000239 0.001101 0.999889 0.984934 0.999819 0.998857 0.999438 0.000543 0.006241
0.994430 0.999368 0.001069 0.999863 0.002119 0.999710 0.999997 0.000150 0.000267 0.999807 0.965831 0.999932 0.998693 0.999043 0.000266 0.000754
0.958413 0.994524 0.001461 0.999467 0.000789 0.999733 0.999983 0.000894 0.000127 0.999693 0.989600 0.999926 0.994339 0.998211 0.000836 0.029566
0.989876 0.999061 0.001194 0.999805 0.003305 0.999910 0.999996 0.000189 0.000130 0.999808 0.961789 0.999972 0.999303 0.998965 0.000045 0.002374
0.951310 0.995523 0.001469 0.999591 0.005414 0.998735 0.999981 0.001311 0.000526 0.999666 0.968671 0.999833 0.995616 0.997838 0.000227 0.033142
0.999982 0.000139 0.000247 0.000081 0.990677 0.000974 0.999904 0.999501 0.001343 0.998188 0.164819 0.999916 0.000108 0.999946 0.001636 0.999760
0.999978 0.000099 0.000371 0.000055 0.993955 0.001426 0.999911 0.999330 0.001382 0.997583 0.094566 0.999932 0.000144 0.999950 0.000491 0.999725
0.999974 0.000091 0.000362 0.000085 0.992230 0.001320 0.999815 0.999063 0.000823 0.997748 0.039384 0.999928 0.000139 0.999927 0.001182 0.999568
0.999982 0.000110 0.000123 0.000054 0.994731 0.000911 0.999835 0.999240 0.001193 0.998939 0.098848 0.999907 0.000099 0.999964 0.001426 0.999686
0.999692 0.001347 0.000303 0.000283 0.962714 0.003042 0.999452 0.990361 0.007354 0.994222 0.957818 0.999814 0.001361 0.999572 0.002095 0.996781
0.999960 0.000169 0.998755 0.003670 0.000061 0.999936 0.999954 0.997870 0.000025 0.999841 0.999518 0.008713 0.000036 0.999658 0.999527 0.084506
0.999944 0.000147 0.999479 0.005588 0.000173 0.999889 0.999965 0.997781 0.000010 0.999794 0.999729 0.014368 0.000043 0.999556 0.999192 0.168830
0.999964 0.000083 0.998905 0.004159 0.000088 0.999879 0.999954 0.994445 0.000044 0.999711 0.999882 0.008153 0.000013 0.999444 0.999874 0.052473
0.999937 0.000198 0.999467 0.003791 0.000069 0.999740 0.999905 0.997217 0.000025 0.999818 0.999881 0.006768 0.000033 0.999375 0.999585 0.077349
0.999968 0.000166 0.999516 0.003730 0.000062 0.999905 0.999921 0.997975 0.000017 0.999603 0.999903 0.012176 0.000023 0.998912 0.999835 0.128641
