0.000007 0.000090 0.000027 0.999989 0.999886 0.005026 0.999999 0.000000 0.999677 0.999967 0.000932 0.999990 0.999771 0.000235 0.000217 0.999148
0.000003 0.000092 0.000024 0.999990 0.999935 0.002116 0.999999 0.000000 0.999733 0.999979 0.000530 0.999997 0.999865 0.000424 0.000195 0.999626
0.000005 0.000084 0.000032 0.999989 0.999873 0.003193 1.000000 0.000000 0.999597 0.999976 0.001377 0.999995 0.999710 0.000285 0.000152 0.999036
0.000003 0.000123 0.000033 0.999986 0.999943 0.001352 0.999999 0.000000 0.999586 0.999992 0.000241 0.999978 0.999736 0.000295 0.000293 0.999217
0.000008 0.000145 0.000125 0.999991 0.999846 0.001814 0.999999 0.000000 0.999678 0.999979 0.001314 0.999950 0.999724 0.000266 0.000175 0.998704
0.000001 0.000143 0.000011 0.999985 0.999931 0.001507 0.999999 0.000000 0.999194 0.999982 0.000126 0.999997 0.999852 0.000406 0.000530 0.999626
0.000003 0.000233 0.000031 0.999979 0.999959 0.003703 0.999999 0.000000 0.999878 0.999879 0.000397 0.999997 0.999672 0.000342 0.000356 0.998755
0.000002 0.000171 0.000025 0.999987 0.999907 0.001166 0.999999 0.000000 0.999298 0.999991 0.000112 0.999989 0.999839 0.000298 0.000266 0.999602
0.000000 0.000468 0.000017 0.999930 0.999918 0.000186 1.000000 0.000000 0.999480 0.999878 0.000765 0.999999 0.999699 0.000122 0.000895 0.996326
0.000003 0.000287 0.000050 0.999983 0.999937 0.001705 0.999998 0.000000 0.999825 0.999554 0.000431 0.999993 0.999366 0.000793 0.000510 0.998574
0.000003 0.000237 0.000078 0.999981 0.999964 0.002309 0.999999 0.000000 0.999658 0.999914 0.000404 0.999992 0.999404 0.000298 0.000364 0.998856
0.000000 0.000188 0.000048 0.999952 0.999927 0.000357 1.000000 0.000000 0.999652 0.999923 0.000732 0.999998 0.999756 0.000280 0.000523 0.999312
0.000012 0.000076 0.000041 0.999988 0.999837 0.004729 0.999999 0.000000 0.999553 0.999932 0.000562 0.999991 0.999806 0.000205 0.000129 0.999510
0.000001 0.000392 0.000060 0.999976 0.999970 0.002045 0.999999 0.000000 0.999723 0.999977 0.000254 0.999995 0.999407 0.000099 0.000240 0.998493
0.000000 0.000230 0.000045 0.999955 0.999939 0.000303 1.000000 0.000000 0.999640 0.999926 0.000865 0.999999 0.999751 0.000246 0.000584 0.999368
0.999927 0.000051 0.999992 0.999984 0.000000 0.999780 0.001309 0.999833 0.999786 0.000016 0.999992 0.000269 0.999802 0.402308 0.000041 0.000001
0.999951 0.000010 0.999911 0.999997 0.000003 0.999968 0.000655 0.999665 0.999953 0.000232 0.999979 0.000094 0.999779 0.525491 0.000013 0.000002
0.999937 0.000012 0.999840 0.999994 0.000005 0.999990 0.000729 0.999808 0.999957 0.000098 0.999961 0.000132 0.999896 0.343375 0.000017 0.000003
0.999942 0.000026 0.999966 0.999987 0.000003 0.999962 0.000318 0.999767 0.999910 0.000068 0.999958 0.000253 0.999777 0.416146 0.000023 0.000001
0.999967 0.000054 0.999912 0.999986 0.000004 0.999989 0.000211 0.999816 0.999937 0.000216 0.999969 0.000092 0.999779 0.546509 0.000057 0.000003
0.999955 0.000013 0.999917 0.999985 0.000002 0.999982 0.000403 0.999708 0.999926 0.000272 0.999954 0.000132 0.999846 0.369660 0.000028 0.000001
0.999964 0.000046 0.999856 0.999982 0.000001 0.999989 0.000155 0.999780 0.999952 0.000155 0.999952 0.000134 0.999661 0.391602 0.000054 0.000002
0.999946 0.000031 0.999896 0.999987 0.000002 0.999986 0.000273 0.999778 0.999954 0.000162 0.999930 0.000196 0.999831 0.390794 0.000044 0.000003
0.999978 0.000029 0.999915 0.999984 0.000001 0.999993 0.000216 0.999757 0.999916 0.000146 0.999952 0.000099 0.999663 0.366732 0.000042 0.000002
0.999936 0.000038 0.999848 0.999987 0.000002 0.999987 0.000166 0.999791 0.999941 0.000315 0.999974 0.000078 0.999805 0.620376 0.000060 0.000003
0.999963 0.000019 0.999939 0.999978 0.000002 0.999986 0.000157 0.999813 0.999965 0.000253 0.999948 0.000188 0.999758 0.308156 0.000044 0.000001
0.999873 0.000158 0.999946 0.999904 0.000020 0.999841 0.002573 0.999936 0.999903 0.000008 0.999556 0.000432 0.999339 0.654633 0.000067 0.000002
0.999911 0.000033 0.999992 0.999887 0.000000 0.999895 0.000874 0.999932 0.999390 0.000003 0.999974 0.000317 0.999523 0.644108 0.000086 0.000000
0.999927 0.000050 0.999978 0.999943 0.000000 0.999883 0.001542 0.999726 0.999192 0.000004 0.999964 0.000353 0.999488 0.622089 0.000118 0.000000
0.999826 0.000035 0.999997 0.999844 0.000000 0.999923 0.001009 0.999883 0.999553 0.000016 0.999976 0.000503 0.999030 0.537369 0.000084 0.000000
0.000054 0.000192 0.999172 0.999997 0.000149 0.002128 0.999465 0.000006 0.999762 0.000831 0.999850 0.999887 0.999928 0.000599 0.000103 0.000084
0.000078 0.000082 0.999615 0.999998 0.000038 0.001650 0.999550 0.000007 0.999787 0.001688 0.999960 0.999832 0.999731 0.000305 0.000061 0.000039
0.000179 0.000100 0.999520 0.999994 0.000059 0.001867 0.999534 0.000009 0.999740 0.001852 0.999914 0.999709 0.999708 0.000383 0.000082 0.000113
0.000744 0.000064 0.999540 0.999998 0.000063 0.002557 0.999268 0.000017 0.999782 0.000333 0.999953 0.999439 0.999778 0.001065 0.000187 0.000053
0.000464 0.000105 0.999755 0.999998 0.000050 0.001770 0.999065 0.000053 0.999576 0.000755 0.999971 0.999772 0.999880 0.001317 0.000073 0.000055
0.000081 0.001005 0.999386 0.999997 0.000004 0.000146 0.999849 0.000000 0.999209 0.000238 0.999986 0.999674 0.999593 0.000793 0.000346 0.000009
0.000255 0.000277 0.998349 0.999997 0.000052 0.000296 0.999928 0.000000 0.999767 0.004157 0.999668 0.999716 0.999734 0.001096 0.000282 0.000178
0.000021 0.001157 0.998999 0.999998 0.000124 0.000036 0.999910 0.000000 0.999239 0.001243 0.999979 0.999960 0.999249 0.001552 0.000468 0.000026
0.000123 0.000535 0.999317 0.999994 0.000012 0.000055 0.999913 0.000000 0.998940 0.000379 0.999985 0.999876 0.999707 0.000638 0.000379 0.000009
0.000045 0.000538 0.998908 0.999997 0.000012 0.000140 0.999851 0.000000 0.999641 0.000266 0.999938 0.999979 0.999616 0.001282 0.000492 0.000009
0.999991 0.997975 0.999870 0.000012 0.999908 0.000696 0.999981 0.999812 0.000000 1.000000 0.000068 0.000011 0.001382 0.000445 0.000331 0.998827
0.999991 0.998248 0.999861 0.000010 0.999911 0.000783 0.999976 0.999854 0.000000 1.000000 0.000087 0.000011 0.000948 0.000532 0.000471 0.998571
0.999994 0.998284 0.999908 0.000013 0.999864 0.000880 0.999959 0.999806 0.000000 1.000000 0.000101 0.000005 0.000957 0.000606 0.000606 0.998439
0.999996 0.998070 0.999962 0.000008 0.999786 0.000601 0.999969 0.999861 0.000000 1.000000 0.000154 0.000005 0.000624 0.000571 0.000450 0.997746
0.999935 0.967453 0.999755 0.000071 0.999929 0.001294 0.999982 0.999558 0.000007 0.999997 0.000007 0.000268 0.005558 0.000416 0.000128 0.999373
0.999987 0.998015 0.999859 0.000010 0.999796 0.000711 0.999943 0.999849 0.000000 0.999999 0.000155 0.000014 0.000482 0.000844 0.000994 0.997763
0.999994 0.996986 0.999892 0.000016 0.999741 0.000332 0.999973 0.999846 0.000000 1.000000 0.000115 0.000006 0.000735 0.000489 0.000288 0.998111
0.999995 0.998539 0.999810 0.000021 0.999907 0.000739 0.999951 0.999642 0.000000 1.000000 0.000072 0.000003 0.001253 0.000976 0.000535 0.998745
0.999995 0.997958 0.999858 0.000017 0.999719 0.000720 0.999957 0.999854 0.000000 1.000000 0.000231 0.000002 0.000801 0.001265 0.001421 0.997079
0.999998 0.998505 0.999962 0.000012 0.999805 0.000517 0.999960 0.999842 0.000000 1.000000 0.000089 0.000005 0.000416 0.000625 0.000489 0.998489
0.999954 0.996938 0.999596 0.000020 0.999889 0.001219 0.999983 0.999911 0.000000 0.999999 0.000049 0.000056 0.001348 0.000435 0.000387 0.998022
0.999986 0.994944 0.999848 0.000011 0.999911 0.000728 0.999973 0.999800 0.000000 1.000000 0.000122 0.000019 0.000709 0.000991 0.000419 0.999398
0.999990 0.995689 0.999855 0.000020 0.999876 0.000707 0.999975 0.999519 0.000000 1.000000 0.000120 0.000020 0.000827 0.000559 0.000219 0.999315
0.999957 0.995204 0.999705 0.000017 0.999924 0.000434 0.999979 0.999784 0.000000 1.000000 0.000136 0.000024 0.001112 0.000557 0.000375 0.998587
0.999996 0.998671 0.999965 0.000009 0.999712 0.001197 0.999900 0.999952 0.000000 0.999999 0.000281 0.000003 0.000325 0.000585 0.002833 0.995383
0.000255 0.998922 0.000066 0.000234 0.999934 0.999277 0.000104 0.999850 0.998917 0.000406 0.018224 0.999747 0.010612 0.999839 0.999997 0.999862
0.000038 0.999328 0.000022 0.000046 0.999923 0.999930 0.000079 0.999804 0.999811 0.000127 0.013561 0.999908 0.036923 0.999943 1.000000 0.999440
0.000055 0.999499 0.000023 0.000040 0.999866 0.999923 0.000047 0.999846 0.999810 0.000264 0.026987 0.999952 0.033039 0.999959 1.000000 0.999576
0.000023 0.998995 0.000023 0.000037 0.999926 0.999947 0.000140 0.999659 0.999883 0.000325 0.028262 0.999987 0.070238 0.999784 1.000000 0.999580
0.000053 0.999180 0.000060 0.000018 0.999873 0.999910 0.000075 0.999867 0.999768 0.000320 0.021423 0.999952 0.057352 0.999941 1.000000 0.999617
0.000046 0.999261 0.000014 0.000014 0.999896 0.999907 0.000057 0.999643 0.999502 0.000444 0.020069 0.999937 0.023136 0.999964 1.000000 0.999745
0.000085 0.999413 0.000020 0.000018 0.999798 0.999937 0.000022 0.999859 0.999622 0.000485 0.028715 0.999920 0.020780 0.999959 1.000000 0.999520
0.000082 0.999136 0.000080 0.000021 0.999845 0.999951 0.000124 0.999771 0.999867 0.000216 0.045722 0.999964 0.074167 0.999962 1.000000 0.999455
0.000089 0.999268 0.000027 0.000034 0.999628 0.999932 0.000017 0.999824 0.999742 0.000562 0.025185 0.999874 0.025810 0.999977 1.000000 0.999135
0.000063 0.999348 0.000013 0.000026 0.999859 0.999944 0.000085 0.999613 0.999901 0.000386 0.020157 0.999971 0.030829 0.999957 1.000000 0.999447
0.000044 0.999313 0.000007 0.000071 0.999895 0.999905 0.000048 0.999767 0.999701 0.000595 0.007945 0.999917 0.020135 0.999977 1.000000 0.999469
0.000237 0.998932 0.000014 0.000221 0.999889 0.999714 0.000170 0.999447 0.999672 0.000093 0.021171 0.999687 0.026818 0.999903 0.999996 0.999589
0.000054 0.999467 0.000024 0.000011 0.999872 0.999941 0.000046 0.999761 0.999491 0.000386 0.047236 0.999956 0.033895 0.999923 1.000000 0.999691
0.000041 0.999433 0.000010 0.000050 0.999870 0.999956 0.000056 0.999725 0.999779 0.000699 0.013814 0.999966 0.032040 0.999946 1.000000 0.999691
0.000048 0.999527 0.000018 0.000032 0.999809 0.999944 0.000041 0.999853 0.999685 0.001258 0.043313 0.999931 0.021444 0.999955 1.000000 0.999744
0.999723 0.999974 0.001406 0.000003 0.999483 0.926060 0.000960 0.999820 0.000001 0.999717 0.000232 0.000173 0.000010 0.999643 0.999964 0.999662
0.999222 0.999961 0.000671 0.000013 0.999455 0.971108 0.000385 0.999861 0.000016 0.995842 0.000186 0.000486 0.000028 0.999701 0.999985 0.999750
0.998877 0.999947 0.000991 0.000006 0.999627 0.806158 0.001412 0.999422 0.000008 0.998066 0.000300 0.000231 0.000040 0.999495 0.999886 0.999725
0.999523 0.999962 0.000408 0.000005 0.999401 0.954307 0.000438 0.999838 0.000006 0.999399 0.000238 0.000151 0.000021 0.999509 0.999953 0.999747
0.999877 0.999977 0.001000 0.000003 0.999022 0.925999 0.000278 0.999793 0.000000 0.999067 0.000134 0.000070 0.000006 0.999748 0.999941 0.999615
0.998236 0.999945 0.000113 0.000007 0.999294 0.988170 0.000180 0.999660 0.000044 0.996455 0.000121 0.000935 0.000054 0.999797 0.999993 0.999660
0.999453 0.999960 0.000415 0.000005 0.998989 0.959559 0.000224 0.999328 0.000003 0.999386 0.000294 0.000263 0.000030 0.999801 0.999985 0.999516
0.999792 0.999963 0.000575 0.000005 0.999505 0.965146 0.000294 0.999845 0.000006 0.998847 0.000167 0.000240 0.000009 0.999686 0.999966 0.999813
0.999650 0.999937 0.000627 0.000003 0.999430 0.980484 0.000372 0.999701 0.000003 0.997845 0.000148 0.000377 0.000028 0.999782 0.999982 0.999731
0.999691 0.999954 0.000423 0.000003 0.999431 0.896223 0.000781 0.999353 0.000000 0.999671 0.000223 0.000183 0.000012 0.999593 0.999938 0.999613
0.000023 0.984965 0.000645 0.999926 0.000023 0.004003 0.000481 0.000004 0.999012 0.000016 0.999972 0.999962 0.046788 0.999676 0.999933 0.000759
0.000110 0.984455 0.000331 0.999925 0.000018 0.010245 0.000906 0.000007 0.999783 0.000093 0.999918 0.999910 0.022881 0.999472 0.999940 0.001654
0.000030 0.986645 0.000237 0.999975 0.000034 0.009002 0.000133 0.000014 0.999579 0.000005 0.999982 0.999878 0.031458 0.999783 0.999964 0.000490
0.000026 0.984667 0.000098 0.999914 0.000095 0.008762 0.000901 0.000020 0.999796 0.000026 0.999950 0.999960 0.027383 0.999705 0.999905 0.001789
0.000022 0.994331 0.000142 0.999848 0.000003 0.002519 0.000097 0.000006 0.997597 0.000008 0.999993 0.999839 0.014048 0.999868 0.999985 0.000373
0.999913 0.999882 0.999843 0.000171 0.000025 0.004986 0.000040 0.984184 0.000026 0.000628 0.999948 0.000134 0.000039 0.999892 0.999921 0.001993
0.999856 0.999924 0.999818 0.000074 0.000012 0.003171 0.000032 0.944259 0.000012 0.000241 0.999909 0.000052 0.000037 0.999905 0.999968 0.001450
0.999985 0.999908 0.999872 0.000071 0.000112 0.003539 0.000258 0.969598 0.000002 0.002547 0.999859 0.000013 0.000010 0.999932 0.999934 0.004606
0.999983 0.999930 0.999764 0.000038 0.000046 0.013511 0.000047 0.983818 0.000010 0.000493 0.999918 0.000047 0.000042 0.999933 0.999944 0.001947
0.999955 0.999906 0.999683 0.000024 0.000554 0.168328 0.000025 0.995832 0.000096 0.001034 0.999279 0.000047 0.000045 0.999872 0.999978 0.019663
